"","taxa_id","W","detected_0.9","detected_0.8","detected_0.7","detected_0.6"
"1","EC:1.1.1.1",0,FALSE,FALSE,FALSE,FALSE
"2","EC:1.1.1.100",0,FALSE,FALSE,FALSE,FALSE
"3","EC:1.1.1.103",0,FALSE,FALSE,FALSE,FALSE
"4","EC:1.1.1.108",0,FALSE,FALSE,FALSE,FALSE
"5","EC:1.1.1.11",0,FALSE,FALSE,FALSE,FALSE
"6","EC:1.1.1.122",0,FALSE,FALSE,FALSE,FALSE
"7","EC:1.1.1.125",0,FALSE,FALSE,FALSE,FALSE
"8","EC:1.1.1.130",0,FALSE,FALSE,FALSE,FALSE
"9","EC:1.1.1.133",0,FALSE,FALSE,FALSE,FALSE
"10","EC:1.1.1.136",0,FALSE,FALSE,FALSE,FALSE
"11","EC:1.1.1.137",0,FALSE,FALSE,FALSE,FALSE
"12","EC:1.1.1.14",0,FALSE,FALSE,FALSE,FALSE
"13","EC:1.1.1.140",0,FALSE,FALSE,FALSE,FALSE
"14","EC:1.1.1.157",0,FALSE,FALSE,FALSE,FALSE
"15","EC:1.1.1.159",0,FALSE,FALSE,FALSE,FALSE
"16","EC:1.1.1.169",0,FALSE,FALSE,FALSE,FALSE
"17","EC:1.1.1.17",0,FALSE,FALSE,FALSE,FALSE
"18","EC:1.1.1.173",NA,NA,NA,NA,NA
"19","EC:1.1.1.18",NA,NA,NA,NA,NA
"20","EC:1.1.1.193",0,FALSE,FALSE,FALSE,FALSE
"21","EC:1.1.1.2",NA,NA,NA,NA,NA
"22","EC:1.1.1.202",NA,NA,NA,NA,NA
"23","EC:1.1.1.203",0,FALSE,FALSE,FALSE,FALSE
"24","EC:1.1.1.205",0,FALSE,FALSE,FALSE,FALSE
"25","EC:1.1.1.206",NA,NA,NA,NA,NA
"26","EC:1.1.1.215",0,FALSE,FALSE,FALSE,FALSE
"27","EC:1.1.1.219",0,FALSE,FALSE,FALSE,FALSE
"28","EC:1.1.1.22",0,FALSE,FALSE,FALSE,FALSE
"29","EC:1.1.1.220",0,FALSE,FALSE,FALSE,FALSE
"30","EC:1.1.1.23",0,FALSE,FALSE,FALSE,FALSE
"31","EC:1.1.1.25",0,FALSE,FALSE,FALSE,FALSE
"32","EC:1.1.1.26",0,FALSE,FALSE,FALSE,FALSE
"33","EC:1.1.1.261",0,FALSE,FALSE,FALSE,FALSE
"34","EC:1.1.1.262",0,FALSE,FALSE,FALSE,FALSE
"35","EC:1.1.1.264",1328,FALSE,TRUE,TRUE,TRUE
"36","EC:1.1.1.267",0,FALSE,FALSE,FALSE,FALSE
"37","EC:1.1.1.27",0,FALSE,FALSE,FALSE,FALSE
"38","EC:1.1.1.271",0,FALSE,FALSE,FALSE,FALSE
"39","EC:1.1.1.276",NA,NA,NA,NA,NA
"40","EC:1.1.1.28",0,FALSE,FALSE,FALSE,FALSE
"41","EC:1.1.1.281",0,FALSE,FALSE,FALSE,FALSE
"42","EC:1.1.1.284",0,FALSE,FALSE,FALSE,FALSE
"43","EC:1.1.1.29",0,FALSE,FALSE,FALSE,FALSE
"44","EC:1.1.1.290",0,FALSE,FALSE,FALSE,FALSE
"45","EC:1.1.1.292",NA,NA,NA,NA,NA
"46","EC:1.1.1.3",0,FALSE,FALSE,FALSE,FALSE
"47","EC:1.1.1.30",1411,FALSE,TRUE,TRUE,TRUE
"48","EC:1.1.1.303",NA,NA,NA,NA,NA
"49","EC:1.1.1.304",NA,NA,NA,NA,NA
"50","EC:1.1.1.306",0,FALSE,FALSE,FALSE,FALSE
"51","EC:1.1.1.308",0,FALSE,FALSE,FALSE,FALSE
"52","EC:1.1.1.31",0,FALSE,FALSE,FALSE,FALSE
"53","EC:1.1.1.310",NA,NA,NA,NA,NA
"54","EC:1.1.1.312",NA,NA,NA,NA,NA
"55","EC:1.1.1.328",NA,NA,NA,NA,NA
"56","EC:1.1.1.333",1360,FALSE,TRUE,TRUE,TRUE
"57","EC:1.1.1.335",708,FALSE,FALSE,FALSE,FALSE
"58","EC:1.1.1.336",0,FALSE,FALSE,FALSE,FALSE
"59","EC:1.1.1.338",NA,NA,NA,NA,NA
"60","EC:1.1.1.339",0,FALSE,FALSE,FALSE,FALSE
"61","EC:1.1.1.34",1264,FALSE,FALSE,TRUE,TRUE
"62","EC:1.1.1.343",NA,NA,NA,NA,NA
"63","EC:1.1.1.346",0,FALSE,FALSE,FALSE,FALSE
"64","EC:1.1.1.35",0,FALSE,FALSE,FALSE,FALSE
"65","EC:1.1.1.350",NA,NA,NA,NA,NA
"66","EC:1.1.1.36",0,FALSE,FALSE,FALSE,FALSE
"67","EC:1.1.1.363",NA,NA,NA,NA,NA
"68","EC:1.1.1.367",0,FALSE,FALSE,FALSE,FALSE
"69","EC:1.1.1.369",NA,NA,NA,NA,NA
"70","EC:1.1.1.37",0,FALSE,FALSE,FALSE,FALSE
"71","EC:1.1.1.376",0,FALSE,FALSE,FALSE,FALSE
"72","EC:1.1.1.377",NA,NA,NA,NA,NA
"73","EC:1.1.1.378",NA,NA,NA,NA,NA
"74","EC:1.1.1.38",0,FALSE,FALSE,FALSE,FALSE
"75","EC:1.1.1.381",0,FALSE,FALSE,FALSE,FALSE
"76","EC:1.1.1.385",377,FALSE,FALSE,FALSE,FALSE
"77","EC:1.1.1.4",NA,NA,NA,NA,NA
"78","EC:1.1.1.40",0,FALSE,FALSE,FALSE,FALSE
"79","EC:1.1.1.41",0,FALSE,FALSE,FALSE,FALSE
"80","EC:1.1.1.42",0,FALSE,FALSE,FALSE,FALSE
"81","EC:1.1.1.44",NA,NA,NA,NA,NA
"82","EC:1.1.1.47",0,FALSE,FALSE,FALSE,FALSE
"83","EC:1.1.1.48",0,FALSE,FALSE,FALSE,FALSE
"84","EC:1.1.1.49",NA,NA,NA,NA,NA
"85","EC:1.1.1.53",0,FALSE,FALSE,FALSE,FALSE
"86","EC:1.1.1.56",NA,NA,NA,NA,NA
"87","EC:1.1.1.57",0,FALSE,FALSE,FALSE,FALSE
"88","EC:1.1.1.58",0,FALSE,FALSE,FALSE,FALSE
"89","EC:1.1.1.6",0,FALSE,FALSE,FALSE,FALSE
"90","EC:1.1.1.60",0,FALSE,FALSE,FALSE,FALSE
"91","EC:1.1.1.61",0,FALSE,FALSE,FALSE,FALSE
"92","EC:1.1.1.67",1619,TRUE,TRUE,TRUE,TRUE
"93","EC:1.1.1.69",0,FALSE,FALSE,FALSE,FALSE
"94","EC:1.1.1.76",NA,NA,NA,NA,NA
"95","EC:1.1.1.77",0,FALSE,FALSE,FALSE,FALSE
"96","EC:1.1.1.79",0,FALSE,FALSE,FALSE,FALSE
"97","EC:1.1.1.81",0,FALSE,FALSE,FALSE,FALSE
"98","EC:1.1.1.83",NA,NA,NA,NA,NA
"99","EC:1.1.1.85",0,FALSE,FALSE,FALSE,FALSE
"100","EC:1.1.1.86",0,FALSE,FALSE,FALSE,FALSE
"101","EC:1.1.1.88",0,FALSE,FALSE,FALSE,FALSE
"102","EC:1.1.1.9",1,FALSE,FALSE,FALSE,FALSE
"103","EC:1.1.1.90",NA,NA,NA,NA,NA
"104","EC:1.1.1.91",1495,TRUE,TRUE,TRUE,TRUE
"105","EC:1.1.1.93",NA,NA,NA,NA,NA
"106","EC:1.1.1.94",0,FALSE,FALSE,FALSE,FALSE
"107","EC:1.1.1.95",0,FALSE,FALSE,FALSE,FALSE
"108","EC:1.1.2.3",0,FALSE,FALSE,FALSE,FALSE
"109","EC:1.1.2.4",0,FALSE,FALSE,FALSE,FALSE
"110","EC:1.1.2.8",0,FALSE,FALSE,FALSE,FALSE
"111","EC:1.1.3.15",0,FALSE,FALSE,FALSE,FALSE
"112","EC:1.1.3.21",0,FALSE,FALSE,FALSE,FALSE
"113","EC:1.1.3.46",NA,NA,NA,NA,NA
"114","EC:1.1.5.2",590,FALSE,FALSE,FALSE,FALSE
"115","EC:1.1.5.3",0,FALSE,FALSE,FALSE,FALSE
"116","EC:1.1.5.4",0,FALSE,FALSE,FALSE,FALSE
"117","EC:1.1.5.8",NA,NA,NA,NA,NA
"118","EC:1.1.9.1",NA,NA,NA,NA,NA
"119","EC:1.1.98.3",NA,NA,NA,NA,NA
"120","EC:1.1.99.1",0,FALSE,FALSE,FALSE,FALSE
"121","EC:1.1.99.21",0,FALSE,FALSE,FALSE,FALSE
"122","EC:1.1.99.3",0,FALSE,FALSE,FALSE,FALSE
"123","EC:1.10.2.2",0,FALSE,FALSE,FALSE,FALSE
"124","EC:1.10.3.12",NA,NA,NA,NA,NA
"125","EC:1.11.1.1",0,FALSE,FALSE,FALSE,FALSE
"126","EC:1.11.1.10",0,FALSE,FALSE,FALSE,FALSE
"127","EC:1.11.1.15",0,FALSE,FALSE,FALSE,FALSE
"128","EC:1.11.1.19",1249,FALSE,FALSE,TRUE,TRUE
"129","EC:1.11.1.21",0,FALSE,FALSE,FALSE,FALSE
"130","EC:1.11.1.5",0,FALSE,FALSE,FALSE,FALSE
"131","EC:1.11.1.6",0,FALSE,FALSE,FALSE,FALSE
"132","EC:1.11.1.9",0,FALSE,FALSE,FALSE,FALSE
"133","EC:1.12.1.2",0,FALSE,FALSE,FALSE,FALSE
"134","EC:1.12.1.3",0,FALSE,FALSE,FALSE,FALSE
"135","EC:1.12.5.1",0,FALSE,FALSE,FALSE,FALSE
"136","EC:1.12.7.2",0,FALSE,FALSE,FALSE,FALSE
"137","EC:1.12.98.1",NA,NA,NA,NA,NA
"138","EC:1.12.99.6",0,FALSE,FALSE,FALSE,FALSE
"139","EC:1.13.11.1",0,FALSE,FALSE,FALSE,FALSE
"140","EC:1.13.11.11",0,FALSE,FALSE,FALSE,FALSE
"141","EC:1.13.11.15",0,FALSE,FALSE,FALSE,FALSE
"142","EC:1.13.11.2",0,FALSE,FALSE,FALSE,FALSE
"143","EC:1.13.11.27",0,FALSE,FALSE,FALSE,FALSE
"144","EC:1.13.11.3",0,FALSE,FALSE,FALSE,FALSE
"145","EC:1.13.11.4",NA,NA,NA,NA,NA
"146","EC:1.13.11.41",NA,NA,NA,NA,NA
"147","EC:1.13.11.49",0,FALSE,FALSE,FALSE,FALSE
"148","EC:1.13.11.5",0,FALSE,FALSE,FALSE,FALSE
"149","EC:1.13.11.53",NA,NA,NA,NA,NA
"150","EC:1.13.11.54",NA,NA,NA,NA,NA
"151","EC:1.13.11.6",NA,NA,NA,NA,NA
"152","EC:1.13.11.79",0,FALSE,FALSE,FALSE,FALSE
"153","EC:1.13.11.8",0,FALSE,FALSE,FALSE,FALSE
"154","EC:1.13.12.16",0,FALSE,FALSE,FALSE,FALSE
"155","EC:1.13.12.4",0,FALSE,FALSE,FALSE,FALSE
"156","EC:1.14.11.1",NA,NA,NA,NA,NA
"157","EC:1.14.11.16",NA,NA,NA,NA,NA
"158","EC:1.14.11.17",0,FALSE,FALSE,FALSE,FALSE
"159","EC:1.14.11.18",NA,NA,NA,NA,NA
"160","EC:1.14.11.2",0,FALSE,FALSE,FALSE,FALSE
"161","EC:1.14.11.33",988,FALSE,FALSE,FALSE,FALSE
"162","EC:1.14.11.47",0,FALSE,FALSE,FALSE,FALSE
"163","EC:1.14.12.1",0,FALSE,FALSE,FALSE,FALSE
"164","EC:1.14.12.10",0,FALSE,FALSE,FALSE,FALSE
"165","EC:1.14.12.17",0,FALSE,FALSE,FALSE,FALSE
"166","EC:1.14.13.1",204,FALSE,FALSE,FALSE,FALSE
"167","EC:1.14.13.127",0,FALSE,FALSE,FALSE,FALSE
"168","EC:1.14.13.129",0,FALSE,FALSE,FALSE,FALSE
"169","EC:1.14.13.149",0,FALSE,FALSE,FALSE,FALSE
"170","EC:1.14.13.165",NA,NA,NA,NA,NA
"171","EC:1.14.13.2",0,FALSE,FALSE,FALSE,FALSE
"172","EC:1.14.13.22",NA,NA,NA,NA,NA
"173","EC:1.14.13.40",1,FALSE,FALSE,FALSE,FALSE
"174","EC:1.14.13.59",0,FALSE,FALSE,FALSE,FALSE
"175","EC:1.14.13.7",0,FALSE,FALSE,FALSE,FALSE
"176","EC:1.14.13.81",NA,NA,NA,NA,NA
"177","EC:1.14.13.82",0,FALSE,FALSE,FALSE,FALSE
"178","EC:1.14.13.83",1240,FALSE,FALSE,TRUE,TRUE
"179","EC:1.14.13.9",NA,NA,NA,NA,NA
"180","EC:1.14.14.1",1,FALSE,FALSE,FALSE,FALSE
"181","EC:1.14.14.12",0,FALSE,FALSE,FALSE,FALSE
"182","EC:1.14.14.5",0,FALSE,FALSE,FALSE,FALSE
"183","EC:1.14.14.9",NA,NA,NA,NA,NA
"184","EC:1.14.15.3",927,FALSE,FALSE,FALSE,FALSE
"185","EC:1.14.15.7",0,FALSE,FALSE,FALSE,FALSE
"186","EC:1.14.16.1",0,FALSE,FALSE,FALSE,FALSE
"187","EC:1.14.19.1",1476,FALSE,TRUE,TRUE,TRUE
"188","EC:1.14.19.2",1,FALSE,FALSE,FALSE,FALSE
"189","EC:1.14.19.3",0,FALSE,FALSE,FALSE,FALSE
"190","EC:1.14.19.9",0,FALSE,FALSE,FALSE,FALSE
"191","EC:1.14.99.46",0,FALSE,FALSE,FALSE,FALSE
"192","EC:1.14.99.48",NA,NA,NA,NA,NA
"193","EC:1.14.99.50",NA,NA,NA,NA,NA
"194","EC:1.15.1.1",0,FALSE,FALSE,FALSE,FALSE
"195","EC:1.15.1.2",0,FALSE,FALSE,FALSE,FALSE
"196","EC:1.16.1.1",135,FALSE,FALSE,FALSE,FALSE
"197","EC:1.16.3.1",0,FALSE,FALSE,FALSE,FALSE
"198","EC:1.16.3.2",0,FALSE,FALSE,FALSE,FALSE
"199","EC:1.17.1.1",0,FALSE,FALSE,FALSE,FALSE
"200","EC:1.17.1.2",0,FALSE,FALSE,FALSE,FALSE
"201","EC:1.17.1.4",0,FALSE,FALSE,FALSE,FALSE
"202","EC:1.17.1.8",0,FALSE,FALSE,FALSE,FALSE
"203","EC:1.17.2.1",0,FALSE,FALSE,FALSE,FALSE
"204","EC:1.17.4.1",0,FALSE,FALSE,FALSE,FALSE
"205","EC:1.17.4.2",0,FALSE,FALSE,FALSE,FALSE
"206","EC:1.17.7.1",NA,NA,NA,NA,NA
"207","EC:1.17.7.3",NA,NA,NA,NA,NA
"208","EC:1.17.99.6",0,FALSE,FALSE,FALSE,FALSE
"209","EC:1.18.1.1",0,FALSE,FALSE,FALSE,FALSE
"210","EC:1.18.1.2",0,FALSE,FALSE,FALSE,FALSE
"211","EC:1.18.1.3",0,FALSE,FALSE,FALSE,FALSE
"212","EC:1.18.6.1",0,FALSE,FALSE,FALSE,FALSE
"213","EC:1.2.1.10",0,FALSE,FALSE,FALSE,FALSE
"214","EC:1.2.1.11",0,FALSE,FALSE,FALSE,FALSE
"215","EC:1.2.1.12",0,FALSE,FALSE,FALSE,FALSE
"216","EC:1.2.1.16",0,FALSE,FALSE,FALSE,FALSE
"217","EC:1.2.1.18",NA,NA,NA,NA,NA
"218","EC:1.2.1.19",NA,NA,NA,NA,NA
"219","EC:1.2.1.2",0,FALSE,FALSE,FALSE,FALSE
"220","EC:1.2.1.20",NA,NA,NA,NA,NA
"221","EC:1.2.1.21",NA,NA,NA,NA,NA
"222","EC:1.2.1.22",NA,NA,NA,NA,NA
"223","EC:1.2.1.24",0,FALSE,FALSE,FALSE,FALSE
"224","EC:1.2.1.27",NA,NA,NA,NA,NA
"225","EC:1.2.1.28",0,FALSE,FALSE,FALSE,FALSE
"226","EC:1.2.1.3",0,FALSE,FALSE,FALSE,FALSE
"227","EC:1.2.1.32",NA,NA,NA,NA,NA
"228","EC:1.2.1.38",0,FALSE,FALSE,FALSE,FALSE
"229","EC:1.2.1.39",0,FALSE,FALSE,FALSE,FALSE
"230","EC:1.2.1.4",0,FALSE,FALSE,FALSE,FALSE
"231","EC:1.2.1.41",0,FALSE,FALSE,FALSE,FALSE
"232","EC:1.2.1.43",0,FALSE,FALSE,FALSE,FALSE
"233","EC:1.2.1.46",0,FALSE,FALSE,FALSE,FALSE
"234","EC:1.2.1.60",0,FALSE,FALSE,FALSE,FALSE
"235","EC:1.2.1.68",0,FALSE,FALSE,FALSE,FALSE
"236","EC:1.2.1.70",0,FALSE,FALSE,FALSE,FALSE
"237","EC:1.2.1.71",0,FALSE,FALSE,FALSE,FALSE
"238","EC:1.2.1.72",1,FALSE,FALSE,FALSE,FALSE
"239","EC:1.2.1.76",0,FALSE,FALSE,FALSE,FALSE
"240","EC:1.2.1.79",NA,NA,NA,NA,NA
"241","EC:1.2.1.8",0,FALSE,FALSE,FALSE,FALSE
"242","EC:1.2.1.85",NA,NA,NA,NA,NA
"243","EC:1.2.1.87",0,FALSE,FALSE,FALSE,FALSE
"244","EC:1.2.1.88",0,FALSE,FALSE,FALSE,FALSE
"245","EC:1.2.1.9",0,FALSE,FALSE,FALSE,FALSE
"246","EC:1.2.1.91",NA,NA,NA,NA,NA
"247","EC:1.2.3.3",0,FALSE,FALSE,FALSE,FALSE
"248","EC:1.2.4.1",0,FALSE,FALSE,FALSE,FALSE
"249","EC:1.2.4.2",0,FALSE,FALSE,FALSE,FALSE
"250","EC:1.2.4.4",0,FALSE,FALSE,FALSE,FALSE
"251","EC:1.2.5.1",0,FALSE,FALSE,FALSE,FALSE
"252","EC:1.2.7.1",0,FALSE,FALSE,FALSE,FALSE
"253","EC:1.2.7.11",0,FALSE,FALSE,FALSE,FALSE
"254","EC:1.2.7.3",0,FALSE,FALSE,FALSE,FALSE
"255","EC:1.2.7.4",0,FALSE,FALSE,FALSE,FALSE
"256","EC:1.2.7.5",0,FALSE,FALSE,FALSE,FALSE
"257","EC:1.2.7.8",0,FALSE,FALSE,FALSE,FALSE
"258","EC:1.2.99.2",0,FALSE,FALSE,FALSE,FALSE
"259","EC:1.2.99.5",0,FALSE,FALSE,FALSE,FALSE
"260","EC:1.20.4.1",0,FALSE,FALSE,FALSE,FALSE
"261","EC:1.20.4.3",1363,FALSE,TRUE,TRUE,TRUE
"262","EC:1.21.4.1",0,FALSE,FALSE,FALSE,FALSE
"263","EC:1.21.4.2",0,FALSE,FALSE,FALSE,FALSE
"264","EC:1.21.4.4",0,FALSE,FALSE,FALSE,FALSE
"265","EC:1.21.98.1",0,FALSE,FALSE,FALSE,FALSE
"266","EC:1.3.1.1",0,FALSE,FALSE,FALSE,FALSE
"267","EC:1.3.1.10",0,FALSE,FALSE,FALSE,FALSE
"268","EC:1.3.1.106",NA,NA,NA,NA,NA
"269","EC:1.3.1.12",0,FALSE,FALSE,FALSE,FALSE
"270","EC:1.3.1.14",0,FALSE,FALSE,FALSE,FALSE
"271","EC:1.3.1.22",NA,NA,NA,NA,NA
"272","EC:1.3.1.25",0,FALSE,FALSE,FALSE,FALSE
"273","EC:1.3.1.28",0,FALSE,FALSE,FALSE,FALSE
"274","EC:1.3.1.31",914,FALSE,FALSE,FALSE,FALSE
"275","EC:1.3.1.34",198,FALSE,FALSE,FALSE,FALSE
"276","EC:1.3.1.43",0,FALSE,FALSE,FALSE,FALSE
"277","EC:1.3.1.44",0,FALSE,FALSE,FALSE,FALSE
"278","EC:1.3.1.54",NA,NA,NA,NA,NA
"279","EC:1.3.1.74",192,FALSE,FALSE,FALSE,FALSE
"280","EC:1.3.1.76",0,FALSE,FALSE,FALSE,FALSE
"281","EC:1.3.1.83",0,FALSE,FALSE,FALSE,FALSE
"282","EC:1.3.1.9",0,FALSE,FALSE,FALSE,FALSE
"283","EC:1.3.1.98",0,FALSE,FALSE,FALSE,FALSE
"284","EC:1.3.3.11",0,FALSE,FALSE,FALSE,FALSE
"285","EC:1.3.3.3",0,FALSE,FALSE,FALSE,FALSE
"286","EC:1.3.3.4",0,FALSE,FALSE,FALSE,FALSE
"287","EC:1.3.3.5",NA,NA,NA,NA,NA
"288","EC:1.3.3.6",0,FALSE,FALSE,FALSE,FALSE
"289","EC:1.3.5.1",0,FALSE,FALSE,FALSE,FALSE
"290","EC:1.3.5.2",0,FALSE,FALSE,FALSE,FALSE
"291","EC:1.3.5.3",0,FALSE,FALSE,FALSE,FALSE
"292","EC:1.3.5.4",0,FALSE,FALSE,FALSE,FALSE
"293","EC:1.3.7.7",NA,NA,NA,NA,NA
"294","EC:1.3.8.1",0,FALSE,FALSE,FALSE,FALSE
"295","EC:1.3.8.12",NA,NA,NA,NA,NA
"296","EC:1.3.8.4",0,FALSE,FALSE,FALSE,FALSE
"297","EC:1.3.8.6",0,FALSE,FALSE,FALSE,FALSE
"298","EC:1.3.8.7",0,FALSE,FALSE,FALSE,FALSE
"299","EC:1.3.8.8",NA,NA,NA,NA,NA
"300","EC:1.3.98.1",0,FALSE,FALSE,FALSE,FALSE
"301","EC:1.3.99.16",1051,FALSE,FALSE,FALSE,TRUE
"302","EC:1.3.99.22",0,FALSE,FALSE,FALSE,FALSE
"303","EC:1.3.99.23",0,FALSE,FALSE,FALSE,FALSE
"304","EC:1.3.99.26",NA,NA,NA,NA,NA
"305","EC:1.3.99.27",NA,NA,NA,NA,NA
"306","EC:1.3.99.28",NA,NA,NA,NA,NA
"307","EC:1.3.99.29",NA,NA,NA,NA,NA
"308","EC:1.3.99.31",NA,NA,NA,NA,NA
"309","EC:1.3.99.33",0,FALSE,FALSE,FALSE,FALSE
"310","EC:1.3.99.35",NA,NA,NA,NA,NA
"311","EC:1.3.99.8",NA,NA,NA,NA,NA
"312","EC:1.4.1.1",0,FALSE,FALSE,FALSE,FALSE
"313","EC:1.4.1.11",0,FALSE,FALSE,FALSE,FALSE
"314","EC:1.4.1.13",NA,NA,NA,NA,NA
"315","EC:1.4.1.14",NA,NA,NA,NA,NA
"316","EC:1.4.1.16",0,FALSE,FALSE,FALSE,FALSE
"317","EC:1.4.1.2",0,FALSE,FALSE,FALSE,FALSE
"318","EC:1.4.1.21",153,FALSE,FALSE,FALSE,FALSE
"319","EC:1.4.1.3",0,FALSE,FALSE,FALSE,FALSE
"320","EC:1.4.1.4",0,FALSE,FALSE,FALSE,FALSE
"321","EC:1.4.1.9",0,FALSE,FALSE,FALSE,FALSE
"322","EC:1.4.3.10",0,FALSE,FALSE,FALSE,FALSE
"323","EC:1.4.3.16",0,FALSE,FALSE,FALSE,FALSE
"324","EC:1.4.3.19",0,FALSE,FALSE,FALSE,FALSE
"325","EC:1.4.3.4",1431,FALSE,TRUE,TRUE,TRUE
"326","EC:1.4.3.5",0,FALSE,FALSE,FALSE,FALSE
"327","EC:1.4.4.2",0,FALSE,FALSE,FALSE,FALSE
"328","EC:1.4.7.1",0,FALSE,FALSE,FALSE,FALSE
"329","EC:1.4.99.6",204,FALSE,FALSE,FALSE,FALSE
"330","EC:1.5.1.1",NA,NA,NA,NA,NA
"331","EC:1.5.1.10",NA,NA,NA,NA,NA
"332","EC:1.5.1.2",0,FALSE,FALSE,FALSE,FALSE
"333","EC:1.5.1.20",0,FALSE,FALSE,FALSE,FALSE
"334","EC:1.5.1.28",0,FALSE,FALSE,FALSE,FALSE
"335","EC:1.5.1.3",0,FALSE,FALSE,FALSE,FALSE
"336","EC:1.5.1.33",0,FALSE,FALSE,FALSE,FALSE
"337","EC:1.5.1.34",0,FALSE,FALSE,FALSE,FALSE
"338","EC:1.5.1.36",0,FALSE,FALSE,FALSE,FALSE
"339","EC:1.5.1.38",0,FALSE,FALSE,FALSE,FALSE
"340","EC:1.5.1.39",0,FALSE,FALSE,FALSE,FALSE
"341","EC:1.5.1.5",NA,NA,NA,NA,NA
"342","EC:1.5.1.7",0,FALSE,FALSE,FALSE,FALSE
"343","EC:1.5.3.1",0,FALSE,FALSE,FALSE,FALSE
"344","EC:1.5.3.19",NA,NA,NA,NA,NA
"345","EC:1.5.5.1",0,FALSE,FALSE,FALSE,FALSE
"346","EC:1.5.5.2",0,FALSE,FALSE,FALSE,FALSE
"347","EC:1.5.8.4",NA,NA,NA,NA,NA
"348","EC:1.6.1.1",0,FALSE,FALSE,FALSE,FALSE
"349","EC:1.6.1.2",0,FALSE,FALSE,FALSE,FALSE
"350","EC:1.6.2.4",NA,NA,NA,NA,NA
"351","EC:1.6.3.4",NA,NA,NA,NA,NA
"352","EC:1.6.5.2",0,FALSE,FALSE,FALSE,FALSE
"353","EC:1.6.5.3",0,FALSE,FALSE,FALSE,FALSE
"354","EC:1.6.5.5",0,FALSE,FALSE,FALSE,FALSE
"355","EC:1.6.99.1",0,FALSE,FALSE,FALSE,FALSE
"356","EC:1.6.99.3",0,FALSE,FALSE,FALSE,FALSE
"357","EC:1.7.1.13",0,FALSE,FALSE,FALSE,FALSE
"358","EC:1.7.1.15",0,FALSE,FALSE,FALSE,FALSE
"359","EC:1.7.1.7",0,FALSE,FALSE,FALSE,FALSE
"360","EC:1.7.2.1",0,FALSE,FALSE,FALSE,FALSE
"361","EC:1.7.2.2",0,FALSE,FALSE,FALSE,FALSE
"362","EC:1.7.2.3",0,FALSE,FALSE,FALSE,FALSE
"363","EC:1.7.2.4",0,FALSE,FALSE,FALSE,FALSE
"364","EC:1.7.2.5",0,FALSE,FALSE,FALSE,FALSE
"365","EC:1.7.3.3",0,FALSE,FALSE,FALSE,FALSE
"366","EC:1.7.7.1",0,FALSE,FALSE,FALSE,FALSE
"367","EC:1.7.99.1",0,FALSE,FALSE,FALSE,FALSE
"368","EC:1.7.99.4",0,FALSE,FALSE,FALSE,FALSE
"369","EC:1.8.1.15",0,FALSE,FALSE,FALSE,FALSE
"370","EC:1.8.1.2",0,FALSE,FALSE,FALSE,FALSE
"371","EC:1.8.1.4",0,FALSE,FALSE,FALSE,FALSE
"372","EC:1.8.1.7",0,FALSE,FALSE,FALSE,FALSE
"373","EC:1.8.1.8",0,FALSE,FALSE,FALSE,FALSE
"374","EC:1.8.1.9",0,FALSE,FALSE,FALSE,FALSE
"375","EC:1.8.2.2",808,FALSE,FALSE,FALSE,FALSE
"376","EC:1.8.4.11",0,FALSE,FALSE,FALSE,FALSE
"377","EC:1.8.4.12",0,FALSE,FALSE,FALSE,FALSE
"378","EC:1.8.4.8",0,FALSE,FALSE,FALSE,FALSE
"379","EC:1.8.5.2",0,FALSE,FALSE,FALSE,FALSE
"380","EC:1.8.5.3",0,FALSE,FALSE,FALSE,FALSE
"381","EC:1.8.7.1",0,FALSE,FALSE,FALSE,FALSE
"382","EC:1.8.98.1",NA,NA,NA,NA,NA
"383","EC:1.8.99.2",0,FALSE,FALSE,FALSE,FALSE
"384","EC:1.9.3.1",0,FALSE,FALSE,FALSE,FALSE
"385","EC:1.97.1.4",0,FALSE,FALSE,FALSE,FALSE
"386","EC:1.97.1.9",0,FALSE,FALSE,FALSE,FALSE
"387","EC:2.1.1.10",0,FALSE,FALSE,FALSE,FALSE
"388","EC:2.1.1.104",0,FALSE,FALSE,FALSE,FALSE
"389","EC:2.1.1.107",0,FALSE,FALSE,FALSE,FALSE
"390","EC:2.1.1.11",NA,NA,NA,NA,NA
"391","EC:2.1.1.113",NA,NA,NA,NA,NA
"392","EC:2.1.1.13",0,FALSE,FALSE,FALSE,FALSE
"393","EC:2.1.1.130",0,FALSE,FALSE,FALSE,FALSE
"394","EC:2.1.1.131",0,FALSE,FALSE,FALSE,FALSE
"395","EC:2.1.1.132",0,FALSE,FALSE,FALSE,FALSE
"396","EC:2.1.1.133",NA,NA,NA,NA,NA
"397","EC:2.1.1.14",0,FALSE,FALSE,FALSE,FALSE
"398","EC:2.1.1.144",0,FALSE,FALSE,FALSE,FALSE
"399","EC:2.1.1.148",0,FALSE,FALSE,FALSE,FALSE
"400","EC:2.1.1.151",0,FALSE,FALSE,FALSE,FALSE
"401","EC:2.1.1.152",1397,FALSE,TRUE,TRUE,TRUE
"402","EC:2.1.1.163",NA,NA,NA,NA,NA
"403","EC:2.1.1.166",0,FALSE,FALSE,FALSE,FALSE
"404","EC:2.1.1.17",NA,NA,NA,NA,NA
"405","EC:2.1.1.170",0,FALSE,FALSE,FALSE,FALSE
"406","EC:2.1.1.171",0,FALSE,FALSE,FALSE,FALSE
"407","EC:2.1.1.172",0,FALSE,FALSE,FALSE,FALSE
"408","EC:2.1.1.173",NA,NA,NA,NA,NA
"409","EC:2.1.1.176",0,FALSE,FALSE,FALSE,FALSE
"410","EC:2.1.1.177",0,FALSE,FALSE,FALSE,FALSE
"411","EC:2.1.1.181",NA,NA,NA,NA,NA
"412","EC:2.1.1.182",0,FALSE,FALSE,FALSE,FALSE
"413","EC:2.1.1.184",0,FALSE,FALSE,FALSE,FALSE
"414","EC:2.1.1.185",0,FALSE,FALSE,FALSE,FALSE
"415","EC:2.1.1.186",0,FALSE,FALSE,FALSE,FALSE
"416","EC:2.1.1.187",0,FALSE,FALSE,FALSE,FALSE
"417","EC:2.1.1.189",0,FALSE,FALSE,FALSE,FALSE
"418","EC:2.1.1.190",0,FALSE,FALSE,FALSE,FALSE
"419","EC:2.1.1.191",0,FALSE,FALSE,FALSE,FALSE
"420","EC:2.1.1.192",0,FALSE,FALSE,FALSE,FALSE
"421","EC:2.1.1.193",0,FALSE,FALSE,FALSE,FALSE
"422","EC:2.1.1.195",0,FALSE,FALSE,FALSE,FALSE
"423","EC:2.1.1.196",0,FALSE,FALSE,FALSE,FALSE
"424","EC:2.1.1.197",0,FALSE,FALSE,FALSE,FALSE
"425","EC:2.1.1.198",0,FALSE,FALSE,FALSE,FALSE
"426","EC:2.1.1.199",0,FALSE,FALSE,FALSE,FALSE
"427","EC:2.1.1.200",0,FALSE,FALSE,FALSE,FALSE
"428","EC:2.1.1.201",NA,NA,NA,NA,NA
"429","EC:2.1.1.207",0,FALSE,FALSE,FALSE,FALSE
"430","EC:2.1.1.210",NA,NA,NA,NA,NA
"431","EC:2.1.1.217",0,FALSE,FALSE,FALSE,FALSE
"432","EC:2.1.1.219",NA,NA,NA,NA,NA
"433","EC:2.1.1.220",NA,NA,NA,NA,NA
"434","EC:2.1.1.222",NA,NA,NA,NA,NA
"435","EC:2.1.1.223",0,FALSE,FALSE,FALSE,FALSE
"436","EC:2.1.1.226",NA,NA,NA,NA,NA
"437","EC:2.1.1.227",NA,NA,NA,NA,NA
"438","EC:2.1.1.228",0,FALSE,FALSE,FALSE,FALSE
"439","EC:2.1.1.242",0,FALSE,FALSE,FALSE,FALSE
"440","EC:2.1.1.264",NA,NA,NA,NA,NA
"441","EC:2.1.1.265",0,FALSE,FALSE,FALSE,FALSE
"442","EC:2.1.1.266",0,FALSE,FALSE,FALSE,FALSE
"443","EC:2.1.1.271",NA,NA,NA,NA,NA
"444","EC:2.1.1.289",0,FALSE,FALSE,FALSE,FALSE
"445","EC:2.1.1.294",NA,NA,NA,NA,NA
"446","EC:2.1.1.297",0,FALSE,FALSE,FALSE,FALSE
"447","EC:2.1.1.298",0,FALSE,FALSE,FALSE,FALSE
"448","EC:2.1.1.33",0,FALSE,FALSE,FALSE,FALSE
"449","EC:2.1.1.34",0,FALSE,FALSE,FALSE,FALSE
"450","EC:2.1.1.35",0,FALSE,FALSE,FALSE,FALSE
"451","EC:2.1.1.37",0,FALSE,FALSE,FALSE,FALSE
"452","EC:2.1.1.44",NA,NA,NA,NA,NA
"453","EC:2.1.1.45",0,FALSE,FALSE,FALSE,FALSE
"454","EC:2.1.1.61",0,FALSE,FALSE,FALSE,FALSE
"455","EC:2.1.1.63",0,FALSE,FALSE,FALSE,FALSE
"456","EC:2.1.1.64",NA,NA,NA,NA,NA
"457","EC:2.1.1.71",NA,NA,NA,NA,NA
"458","EC:2.1.1.72",0,FALSE,FALSE,FALSE,FALSE
"459","EC:2.1.1.74",0,FALSE,FALSE,FALSE,FALSE
"460","EC:2.1.1.77",0,FALSE,FALSE,FALSE,FALSE
"461","EC:2.1.1.79",0,FALSE,FALSE,FALSE,FALSE
"462","EC:2.1.1.80",0,FALSE,FALSE,FALSE,FALSE
"463","EC:2.1.2.1",0,FALSE,FALSE,FALSE,FALSE
"464","EC:2.1.2.10",0,FALSE,FALSE,FALSE,FALSE
"465","EC:2.1.2.11",0,FALSE,FALSE,FALSE,FALSE
"466","EC:2.1.2.2",0,FALSE,FALSE,FALSE,FALSE
"467","EC:2.1.2.3",NA,NA,NA,NA,NA
"468","EC:2.1.2.5",0,FALSE,FALSE,FALSE,FALSE
"469","EC:2.1.2.9",0,FALSE,FALSE,FALSE,FALSE
"470","EC:2.1.3.1",1629,TRUE,TRUE,TRUE,TRUE
"471","EC:2.1.3.11",0,FALSE,FALSE,FALSE,FALSE
"472","EC:2.1.3.2",0,FALSE,FALSE,FALSE,FALSE
"473","EC:2.1.3.3",0,FALSE,FALSE,FALSE,FALSE
"474","EC:2.1.3.6",0,FALSE,FALSE,FALSE,FALSE
"475","EC:2.1.3.9",NA,NA,NA,NA,NA
"476","EC:2.1.4.1",1417,FALSE,TRUE,TRUE,TRUE
"477","EC:2.10.1.1",0,FALSE,FALSE,FALSE,FALSE
"478","EC:2.2.1.1",0,FALSE,FALSE,FALSE,FALSE
"479","EC:2.2.1.2",0,FALSE,FALSE,FALSE,FALSE
"480","EC:2.2.1.6",0,FALSE,FALSE,FALSE,FALSE
"481","EC:2.2.1.7",0,FALSE,FALSE,FALSE,FALSE
"482","EC:2.2.1.9",0,FALSE,FALSE,FALSE,FALSE
"483","EC:2.3.1.1",0,FALSE,FALSE,FALSE,FALSE
"484","EC:2.3.1.101",NA,NA,NA,NA,NA
"485","EC:2.3.1.109",0,FALSE,FALSE,FALSE,FALSE
"486","EC:2.3.1.117",0,FALSE,FALSE,FALSE,FALSE
"487","EC:2.3.1.118",0,FALSE,FALSE,FALSE,FALSE
"488","EC:2.3.1.12",0,FALSE,FALSE,FALSE,FALSE
"489","EC:2.3.1.122",NA,NA,NA,NA,NA
"490","EC:2.3.1.128",0,FALSE,FALSE,FALSE,FALSE
"491","EC:2.3.1.129",0,FALSE,FALSE,FALSE,FALSE
"492","EC:2.3.1.15",0,FALSE,FALSE,FALSE,FALSE
"493","EC:2.3.1.157",0,FALSE,FALSE,FALSE,FALSE
"494","EC:2.3.1.16",0,FALSE,FALSE,FALSE,FALSE
"495","EC:2.3.1.168",0,FALSE,FALSE,FALSE,FALSE
"496","EC:2.3.1.174",NA,NA,NA,NA,NA
"497","EC:2.3.1.179",0,FALSE,FALSE,FALSE,FALSE
"498","EC:2.3.1.18",0,FALSE,FALSE,FALSE,FALSE
"499","EC:2.3.1.180",0,FALSE,FALSE,FALSE,FALSE
"500","EC:2.3.1.181",0,FALSE,FALSE,FALSE,FALSE
"501","EC:2.3.1.182",0,FALSE,FALSE,FALSE,FALSE
"502","EC:2.3.1.183",0,FALSE,FALSE,FALSE,FALSE
"503","EC:2.3.1.184",0,FALSE,FALSE,FALSE,FALSE
"504","EC:2.3.1.187",NA,NA,NA,NA,NA
"505","EC:2.3.1.189",NA,NA,NA,NA,NA
"506","EC:2.3.1.19",0,FALSE,FALSE,FALSE,FALSE
"507","EC:2.3.1.191",0,FALSE,FALSE,FALSE,FALSE
"508","EC:2.3.1.193",0,FALSE,FALSE,FALSE,FALSE
"509","EC:2.3.1.20",0,FALSE,FALSE,FALSE,FALSE
"510","EC:2.3.1.201",0,FALSE,FALSE,FALSE,FALSE
"511","EC:2.3.1.202",0,FALSE,FALSE,FALSE,FALSE
"512","EC:2.3.1.203",NA,NA,NA,NA,NA
"513","EC:2.3.1.204",0,FALSE,FALSE,FALSE,FALSE
"514","EC:2.3.1.207",0,FALSE,FALSE,FALSE,FALSE
"515","EC:2.3.1.222",0,FALSE,FALSE,FALSE,FALSE
"516","EC:2.3.1.228",NA,NA,NA,NA,NA
"517","EC:2.3.1.229",NA,NA,NA,NA,NA
"518","EC:2.3.1.234",0,FALSE,FALSE,FALSE,FALSE
"519","EC:2.3.1.241",0,FALSE,FALSE,FALSE,FALSE
"520","EC:2.3.1.243",NA,NA,NA,NA,NA
"521","EC:2.3.1.28",0,FALSE,FALSE,FALSE,FALSE
"522","EC:2.3.1.29",0,FALSE,FALSE,FALSE,FALSE
"523","EC:2.3.1.30",0,FALSE,FALSE,FALSE,FALSE
"524","EC:2.3.1.31",0,FALSE,FALSE,FALSE,FALSE
"525","EC:2.3.1.35",0,FALSE,FALSE,FALSE,FALSE
"526","EC:2.3.1.37",1024,FALSE,FALSE,FALSE,TRUE
"527","EC:2.3.1.39",0,FALSE,FALSE,FALSE,FALSE
"528","EC:2.3.1.40",0,FALSE,FALSE,FALSE,FALSE
"529","EC:2.3.1.41",0,FALSE,FALSE,FALSE,FALSE
"530","EC:2.3.1.46",0,FALSE,FALSE,FALSE,FALSE
"531","EC:2.3.1.47",0,FALSE,FALSE,FALSE,FALSE
"532","EC:2.3.1.48",1,FALSE,FALSE,FALSE,FALSE
"533","EC:2.3.1.51",0,FALSE,FALSE,FALSE,FALSE
"534","EC:2.3.1.54",0,FALSE,FALSE,FALSE,FALSE
"535","EC:2.3.1.57",0,FALSE,FALSE,FALSE,FALSE
"536","EC:2.3.1.61",0,FALSE,FALSE,FALSE,FALSE
"537","EC:2.3.1.79",0,FALSE,FALSE,FALSE,FALSE
"538","EC:2.3.1.8",0,FALSE,FALSE,FALSE,FALSE
"539","EC:2.3.1.81",0,FALSE,FALSE,FALSE,FALSE
"540","EC:2.3.1.82",0,FALSE,FALSE,FALSE,FALSE
"541","EC:2.3.1.89",0,FALSE,FALSE,FALSE,FALSE
"542","EC:2.3.1.9",0,FALSE,FALSE,FALSE,FALSE
"543","EC:2.3.2.10",0,FALSE,FALSE,FALSE,FALSE
"544","EC:2.3.2.17",NA,NA,NA,NA,NA
"545","EC:2.3.2.18",NA,NA,NA,NA,NA
"546","EC:2.3.2.2",NA,NA,NA,NA,NA
"547","EC:2.3.2.3",0,FALSE,FALSE,FALSE,FALSE
"548","EC:2.3.2.6",0,FALSE,FALSE,FALSE,FALSE
"549","EC:2.3.2.8",0,FALSE,FALSE,FALSE,FALSE
"550","EC:2.3.3.1",0,FALSE,FALSE,FALSE,FALSE
"551","EC:2.3.3.10",0,FALSE,FALSE,FALSE,FALSE
"552","EC:2.3.3.13",0,FALSE,FALSE,FALSE,FALSE
"553","EC:2.3.3.14",0,FALSE,FALSE,FALSE,FALSE
"554","EC:2.3.3.5",0,FALSE,FALSE,FALSE,FALSE
"555","EC:2.3.3.9",0,FALSE,FALSE,FALSE,FALSE
"556","EC:2.4.1.1",0,FALSE,FALSE,FALSE,FALSE
"557","EC:2.4.1.10",0,FALSE,FALSE,FALSE,FALSE
"558","EC:2.4.1.109",385,FALSE,FALSE,FALSE,FALSE
"559","EC:2.4.1.11",1451,FALSE,TRUE,TRUE,TRUE
"560","EC:2.4.1.12",0,FALSE,FALSE,FALSE,FALSE
"561","EC:2.4.1.129",0,FALSE,FALSE,FALSE,FALSE
"562","EC:2.4.1.144",NA,NA,NA,NA,NA
"563","EC:2.4.1.15",1398,FALSE,TRUE,TRUE,TRUE
"564","EC:2.4.1.18",0,FALSE,FALSE,FALSE,FALSE
"565","EC:2.4.1.182",0,FALSE,FALSE,FALSE,FALSE
"566","EC:2.4.1.187",0,FALSE,FALSE,FALSE,FALSE
"567","EC:2.4.1.208",0,FALSE,FALSE,FALSE,FALSE
"568","EC:2.4.1.21",0,FALSE,FALSE,FALSE,FALSE
"569","EC:2.4.1.211",0,FALSE,FALSE,FALSE,FALSE
"570","EC:2.4.1.212",837,FALSE,FALSE,FALSE,FALSE
"571","EC:2.4.1.227",0,FALSE,FALSE,FALSE,FALSE
"572","EC:2.4.1.230",528,FALSE,FALSE,FALSE,FALSE
"573","EC:2.4.1.245",1188,FALSE,FALSE,TRUE,TRUE
"574","EC:2.4.1.25",0,FALSE,FALSE,FALSE,FALSE
"575","EC:2.4.1.250",0,FALSE,FALSE,FALSE,FALSE
"576","EC:2.4.1.252",NA,NA,NA,NA,NA
"577","EC:2.4.1.266",NA,NA,NA,NA,NA
"578","EC:2.4.1.281",0,FALSE,FALSE,FALSE,FALSE
"579","EC:2.4.1.287",1441,FALSE,TRUE,TRUE,TRUE
"580","EC:2.4.1.288",0,FALSE,FALSE,FALSE,FALSE
"581","EC:2.4.1.289",0,FALSE,FALSE,FALSE,FALSE
"582","EC:2.4.1.290",NA,NA,NA,NA,NA
"583","EC:2.4.1.291",NA,NA,NA,NA,NA
"584","EC:2.4.1.292",0,FALSE,FALSE,FALSE,FALSE
"585","EC:2.4.1.293",0,FALSE,FALSE,FALSE,FALSE
"586","EC:2.4.1.315",0,FALSE,FALSE,FALSE,FALSE
"587","EC:2.4.1.319",NA,NA,NA,NA,NA
"588","EC:2.4.1.320",NA,NA,NA,NA,NA
"589","EC:2.4.1.4",0,FALSE,FALSE,FALSE,FALSE
"590","EC:2.4.1.46",0,FALSE,FALSE,FALSE,FALSE
"591","EC:2.4.1.5",0,FALSE,FALSE,FALSE,FALSE
"592","EC:2.4.1.52",0,FALSE,FALSE,FALSE,FALSE
"593","EC:2.4.1.57",0,FALSE,FALSE,FALSE,FALSE
"594","EC:2.4.1.58",NA,NA,NA,NA,NA
"595","EC:2.4.1.64",0,FALSE,FALSE,FALSE,FALSE
"596","EC:2.4.1.7",0,FALSE,FALSE,FALSE,FALSE
"597","EC:2.4.1.8",0,FALSE,FALSE,FALSE,FALSE
"598","EC:2.4.1.80",0,FALSE,FALSE,FALSE,FALSE
"599","EC:2.4.1.83",0,FALSE,FALSE,FALSE,FALSE
"600","EC:2.4.2.1",0,FALSE,FALSE,FALSE,FALSE
"601","EC:2.4.2.10",0,FALSE,FALSE,FALSE,FALSE
"602","EC:2.4.2.12",0,FALSE,FALSE,FALSE,FALSE
"603","EC:2.4.2.14",0,FALSE,FALSE,FALSE,FALSE
"604","EC:2.4.2.17",0,FALSE,FALSE,FALSE,FALSE
"605","EC:2.4.2.18",0,FALSE,FALSE,FALSE,FALSE
"606","EC:2.4.2.19",0,FALSE,FALSE,FALSE,FALSE
"607","EC:2.4.2.2",0,FALSE,FALSE,FALSE,FALSE
"608","EC:2.4.2.21",0,FALSE,FALSE,FALSE,FALSE
"609","EC:2.4.2.22",0,FALSE,FALSE,FALSE,FALSE
"610","EC:2.4.2.28",0,FALSE,FALSE,FALSE,FALSE
"611","EC:2.4.2.29",0,FALSE,FALSE,FALSE,FALSE
"612","EC:2.4.2.3",0,FALSE,FALSE,FALSE,FALSE
"613","EC:2.4.2.37",0,FALSE,FALSE,FALSE,FALSE
"614","EC:2.4.2.4",0,FALSE,FALSE,FALSE,FALSE
"615","EC:2.4.2.44",0,FALSE,FALSE,FALSE,FALSE
"616","EC:2.4.2.45",NA,NA,NA,NA,NA
"617","EC:2.4.2.46",NA,NA,NA,NA,NA
"618","EC:2.4.2.47",1348,FALSE,TRUE,TRUE,TRUE
"619","EC:2.4.2.52",0,FALSE,FALSE,FALSE,FALSE
"620","EC:2.4.2.53",160,FALSE,FALSE,FALSE,FALSE
"621","EC:2.4.2.7",0,FALSE,FALSE,FALSE,FALSE
"622","EC:2.4.2.8",0,FALSE,FALSE,FALSE,FALSE
"623","EC:2.4.2.9",0,FALSE,FALSE,FALSE,FALSE
"624","EC:2.4.99.12",NA,NA,NA,NA,NA
"625","EC:2.4.99.13",NA,NA,NA,NA,NA
"626","EC:2.4.99.14",NA,NA,NA,NA,NA
"627","EC:2.4.99.15",NA,NA,NA,NA,NA
"628","EC:2.4.99.16",0,FALSE,FALSE,FALSE,FALSE
"629","EC:2.4.99.17",0,FALSE,FALSE,FALSE,FALSE
"630","EC:2.4.99.19",0,FALSE,FALSE,FALSE,FALSE
"631","EC:2.5.1.1",NA,NA,NA,NA,NA
"632","EC:2.5.1.10",NA,NA,NA,NA,NA
"633","EC:2.5.1.101",0,FALSE,FALSE,FALSE,FALSE
"634","EC:2.5.1.105",0,FALSE,FALSE,FALSE,FALSE
"635","EC:2.5.1.120",0,FALSE,FALSE,FALSE,FALSE
"636","EC:2.5.1.15",0,FALSE,FALSE,FALSE,FALSE
"637","EC:2.5.1.16",0,FALSE,FALSE,FALSE,FALSE
"638","EC:2.5.1.17",0,FALSE,FALSE,FALSE,FALSE
"639","EC:2.5.1.18",0,FALSE,FALSE,FALSE,FALSE
"640","EC:2.5.1.19",0,FALSE,FALSE,FALSE,FALSE
"641","EC:2.5.1.21",0,FALSE,FALSE,FALSE,FALSE
"642","EC:2.5.1.26",971,FALSE,FALSE,FALSE,FALSE
"643","EC:2.5.1.29",0,FALSE,FALSE,FALSE,FALSE
"644","EC:2.5.1.3",0,FALSE,FALSE,FALSE,FALSE
"645","EC:2.5.1.30",0,FALSE,FALSE,FALSE,FALSE
"646","EC:2.5.1.31",0,FALSE,FALSE,FALSE,FALSE
"647","EC:2.5.1.32",0,FALSE,FALSE,FALSE,FALSE
"648","EC:2.5.1.39",0,FALSE,FALSE,FALSE,FALSE
"649","EC:2.5.1.44",0,FALSE,FALSE,FALSE,FALSE
"650","EC:2.5.1.46",0,FALSE,FALSE,FALSE,FALSE
"651","EC:2.5.1.47",0,FALSE,FALSE,FALSE,FALSE
"652","EC:2.5.1.48",0,FALSE,FALSE,FALSE,FALSE
"653","EC:2.5.1.49",0,FALSE,FALSE,FALSE,FALSE
"654","EC:2.5.1.54",0,FALSE,FALSE,FALSE,FALSE
"655","EC:2.5.1.55",0,FALSE,FALSE,FALSE,FALSE
"656","EC:2.5.1.56",0,FALSE,FALSE,FALSE,FALSE
"657","EC:2.5.1.6",0,FALSE,FALSE,FALSE,FALSE
"658","EC:2.5.1.61",0,FALSE,FALSE,FALSE,FALSE
"659","EC:2.5.1.62",NA,NA,NA,NA,NA
"660","EC:2.5.1.68",0,FALSE,FALSE,FALSE,FALSE
"661","EC:2.5.1.7",0,FALSE,FALSE,FALSE,FALSE
"662","EC:2.5.1.72",0,FALSE,FALSE,FALSE,FALSE
"663","EC:2.5.1.74",0,FALSE,FALSE,FALSE,FALSE
"664","EC:2.5.1.75",0,FALSE,FALSE,FALSE,FALSE
"665","EC:2.5.1.78",0,FALSE,FALSE,FALSE,FALSE
"666","EC:2.5.1.9",0,FALSE,FALSE,FALSE,FALSE
"667","EC:2.5.1.90",0,FALSE,FALSE,FALSE,FALSE
"668","EC:2.5.1.97",0,FALSE,FALSE,FALSE,FALSE
"669","EC:2.6.1.1",0,FALSE,FALSE,FALSE,FALSE
"670","EC:2.6.1.102",0,FALSE,FALSE,FALSE,FALSE
"671","EC:2.6.1.11",0,FALSE,FALSE,FALSE,FALSE
"672","EC:2.6.1.13",0,FALSE,FALSE,FALSE,FALSE
"673","EC:2.6.1.16",0,FALSE,FALSE,FALSE,FALSE
"674","EC:2.6.1.17",0,FALSE,FALSE,FALSE,FALSE
"675","EC:2.6.1.18",0,FALSE,FALSE,FALSE,FALSE
"676","EC:2.6.1.19",0,FALSE,FALSE,FALSE,FALSE
"677","EC:2.6.1.2",0,FALSE,FALSE,FALSE,FALSE
"678","EC:2.6.1.21",0,FALSE,FALSE,FALSE,FALSE
"679","EC:2.6.1.22",0,FALSE,FALSE,FALSE,FALSE
"680","EC:2.6.1.34",NA,NA,NA,NA,NA
"681","EC:2.6.1.36",0,FALSE,FALSE,FALSE,FALSE
"682","EC:2.6.1.37",0,FALSE,FALSE,FALSE,FALSE
"683","EC:2.6.1.42",0,FALSE,FALSE,FALSE,FALSE
"684","EC:2.6.1.44",NA,NA,NA,NA,NA
"685","EC:2.6.1.45",NA,NA,NA,NA,NA
"686","EC:2.6.1.51",NA,NA,NA,NA,NA
"687","EC:2.6.1.52",0,FALSE,FALSE,FALSE,FALSE
"688","EC:2.6.1.55",NA,NA,NA,NA,NA
"689","EC:2.6.1.57",0,FALSE,FALSE,FALSE,FALSE
"690","EC:2.6.1.62",0,FALSE,FALSE,FALSE,FALSE
"691","EC:2.6.1.66",0,FALSE,FALSE,FALSE,FALSE
"692","EC:2.6.1.76",0,FALSE,FALSE,FALSE,FALSE
"693","EC:2.6.1.83",0,FALSE,FALSE,FALSE,FALSE
"694","EC:2.6.1.85",0,FALSE,FALSE,FALSE,FALSE
"695","EC:2.6.1.9",0,FALSE,FALSE,FALSE,FALSE
"696","EC:2.6.1.92",0,FALSE,FALSE,FALSE,FALSE
"697","EC:2.6.1.96",NA,NA,NA,NA,NA
"698","EC:2.6.1.98",369,FALSE,FALSE,FALSE,FALSE
"699","EC:2.6.99.2",0,FALSE,FALSE,FALSE,FALSE
"700","EC:2.7.1.1",0,FALSE,FALSE,FALSE,FALSE
"701","EC:2.7.1.100",0,FALSE,FALSE,FALSE,FALSE
"702","EC:2.7.1.107",0,FALSE,FALSE,FALSE,FALSE
"703","EC:2.7.1.11",0,FALSE,FALSE,FALSE,FALSE
"704","EC:2.7.1.113",NA,NA,NA,NA,NA
"705","EC:2.7.1.12",0,FALSE,FALSE,FALSE,FALSE
"706","EC:2.7.1.130",0,FALSE,FALSE,FALSE,FALSE
"707","EC:2.7.1.144",0,FALSE,FALSE,FALSE,FALSE
"708","EC:2.7.1.146",NA,NA,NA,NA,NA
"709","EC:2.7.1.147",NA,NA,NA,NA,NA
"710","EC:2.7.1.148",0,FALSE,FALSE,FALSE,FALSE
"711","EC:2.7.1.15",0,FALSE,FALSE,FALSE,FALSE
"712","EC:2.7.1.156",NA,NA,NA,NA,NA
"713","EC:2.7.1.16",1396,FALSE,TRUE,TRUE,TRUE
"714","EC:2.7.1.162",0,FALSE,FALSE,FALSE,FALSE
"715","EC:2.7.1.166",0,FALSE,FALSE,FALSE,FALSE
"716","EC:2.7.1.167",NA,NA,NA,NA,NA
"717","EC:2.7.1.168",0,FALSE,FALSE,FALSE,FALSE
"718","EC:2.7.1.17",0,FALSE,FALSE,FALSE,FALSE
"719","EC:2.7.1.170",0,FALSE,FALSE,FALSE,FALSE
"720","EC:2.7.1.175",1335,FALSE,TRUE,TRUE,TRUE
"721","EC:2.7.1.176",0,FALSE,FALSE,FALSE,FALSE
"722","EC:2.7.1.177",0,FALSE,FALSE,FALSE,FALSE
"723","EC:2.7.1.181",NA,NA,NA,NA,NA
"724","EC:2.7.1.184",NA,NA,NA,NA,NA
"725","EC:2.7.1.19",0,FALSE,FALSE,FALSE,FALSE
"726","EC:2.7.1.2",0,FALSE,FALSE,FALSE,FALSE
"727","EC:2.7.1.20",1346,FALSE,TRUE,TRUE,TRUE
"728","EC:2.7.1.21",0,FALSE,FALSE,FALSE,FALSE
"729","EC:2.7.1.22",0,FALSE,FALSE,FALSE,FALSE
"730","EC:2.7.1.23",0,FALSE,FALSE,FALSE,FALSE
"731","EC:2.7.1.24",0,FALSE,FALSE,FALSE,FALSE
"732","EC:2.7.1.25",0,FALSE,FALSE,FALSE,FALSE
"733","EC:2.7.1.26",0,FALSE,FALSE,FALSE,FALSE
"734","EC:2.7.1.29",0,FALSE,FALSE,FALSE,FALSE
"735","EC:2.7.1.30",0,FALSE,FALSE,FALSE,FALSE
"736","EC:2.7.1.31",0,FALSE,FALSE,FALSE,FALSE
"737","EC:2.7.1.33",0,FALSE,FALSE,FALSE,FALSE
"738","EC:2.7.1.35",0,FALSE,FALSE,FALSE,FALSE
"739","EC:2.7.1.36",0,FALSE,FALSE,FALSE,FALSE
"740","EC:2.7.1.37",0,FALSE,FALSE,FALSE,FALSE
"741","EC:2.7.1.39",0,FALSE,FALSE,FALSE,FALSE
"742","EC:2.7.1.4",0,FALSE,FALSE,FALSE,FALSE
"743","EC:2.7.1.40",0,FALSE,FALSE,FALSE,FALSE
"744","EC:2.7.1.45",0,FALSE,FALSE,FALSE,FALSE
"745","EC:2.7.1.47",NA,NA,NA,NA,NA
"746","EC:2.7.1.48",0,FALSE,FALSE,FALSE,FALSE
"747","EC:2.7.1.49",NA,NA,NA,NA,NA
"748","EC:2.7.1.5",0,FALSE,FALSE,FALSE,FALSE
"749","EC:2.7.1.50",0,FALSE,FALSE,FALSE,FALSE
"750","EC:2.7.1.51",0,FALSE,FALSE,FALSE,FALSE
"751","EC:2.7.1.53",0,FALSE,FALSE,FALSE,FALSE
"752","EC:2.7.1.55",NA,NA,NA,NA,NA
"753","EC:2.7.1.56",0,FALSE,FALSE,FALSE,FALSE
"754","EC:2.7.1.58",0,FALSE,FALSE,FALSE,FALSE
"755","EC:2.7.1.59",0,FALSE,FALSE,FALSE,FALSE
"756","EC:2.7.1.6",0,FALSE,FALSE,FALSE,FALSE
"757","EC:2.7.1.60",0,FALSE,FALSE,FALSE,FALSE
"758","EC:2.7.1.63",0,FALSE,FALSE,FALSE,FALSE
"759","EC:2.7.1.66",0,FALSE,FALSE,FALSE,FALSE
"760","EC:2.7.1.69",0,FALSE,FALSE,FALSE,FALSE
"761","EC:2.7.1.71",0,FALSE,FALSE,FALSE,FALSE
"762","EC:2.7.1.72",0,FALSE,FALSE,FALSE,FALSE
"763","EC:2.7.1.74",NA,NA,NA,NA,NA
"764","EC:2.7.1.76",NA,NA,NA,NA,NA
"765","EC:2.7.1.8",0,FALSE,FALSE,FALSE,FALSE
"766","EC:2.7.1.83",0,FALSE,FALSE,FALSE,FALSE
"767","EC:2.7.1.90",0,FALSE,FALSE,FALSE,FALSE
"768","EC:2.7.1.92",0,FALSE,FALSE,FALSE,FALSE
"769","EC:2.7.1.95",0,FALSE,FALSE,FALSE,FALSE
"770","EC:2.7.11.1",0,FALSE,FALSE,FALSE,FALSE
"771","EC:2.7.11.5",0,FALSE,FALSE,FALSE,FALSE
"772","EC:2.7.13.1",228,FALSE,FALSE,FALSE,FALSE
"773","EC:2.7.13.3",0,FALSE,FALSE,FALSE,FALSE
"774","EC:2.7.14.1",0,FALSE,FALSE,FALSE,FALSE
"775","EC:2.7.2.1",0,FALSE,FALSE,FALSE,FALSE
"776","EC:2.7.2.11",0,FALSE,FALSE,FALSE,FALSE
"777","EC:2.7.2.15",NA,NA,NA,NA,NA
"778","EC:2.7.2.2",0,FALSE,FALSE,FALSE,FALSE
"779","EC:2.7.2.3",0,FALSE,FALSE,FALSE,FALSE
"780","EC:2.7.2.4",0,FALSE,FALSE,FALSE,FALSE
"781","EC:2.7.2.7",0,FALSE,FALSE,FALSE,FALSE
"782","EC:2.7.2.8",0,FALSE,FALSE,FALSE,FALSE
"783","EC:2.7.3.9",0,FALSE,FALSE,FALSE,FALSE
"784","EC:2.7.4.1",0,FALSE,FALSE,FALSE,FALSE
"785","EC:2.7.4.14",0,FALSE,FALSE,FALSE,FALSE
"786","EC:2.7.4.16",0,FALSE,FALSE,FALSE,FALSE
"787","EC:2.7.4.2",0,FALSE,FALSE,FALSE,FALSE
"788","EC:2.7.4.22",NA,NA,NA,NA,NA
"789","EC:2.7.4.23",0,FALSE,FALSE,FALSE,FALSE
"790","EC:2.7.4.26",0,FALSE,FALSE,FALSE,FALSE
"791","EC:2.7.4.3",0,FALSE,FALSE,FALSE,FALSE
"792","EC:2.7.4.6",0,FALSE,FALSE,FALSE,FALSE
"793","EC:2.7.4.7",NA,NA,NA,NA,NA
"794","EC:2.7.4.8",0,FALSE,FALSE,FALSE,FALSE
"795","EC:2.7.4.9",0,FALSE,FALSE,FALSE,FALSE
"796","EC:2.7.6.1",0,FALSE,FALSE,FALSE,FALSE
"797","EC:2.7.6.2",0,FALSE,FALSE,FALSE,FALSE
"798","EC:2.7.6.3",0,FALSE,FALSE,FALSE,FALSE
"799","EC:2.7.6.5",0,FALSE,FALSE,FALSE,FALSE
"800","EC:2.7.7.1",0,FALSE,FALSE,FALSE,FALSE
"801","EC:2.7.7.12",0,FALSE,FALSE,FALSE,FALSE
"802","EC:2.7.7.13",0,FALSE,FALSE,FALSE,FALSE
"803","EC:2.7.7.15",0,FALSE,FALSE,FALSE,FALSE
"804","EC:2.7.7.18",0,FALSE,FALSE,FALSE,FALSE
"805","EC:2.7.7.19",0,FALSE,FALSE,FALSE,FALSE
"806","EC:2.7.7.2",0,FALSE,FALSE,FALSE,FALSE
"807","EC:2.7.7.23",0,FALSE,FALSE,FALSE,FALSE
"808","EC:2.7.7.24",0,FALSE,FALSE,FALSE,FALSE
"809","EC:2.7.7.27",0,FALSE,FALSE,FALSE,FALSE
"810","EC:2.7.7.3",NA,NA,NA,NA,NA
"811","EC:2.7.7.33",0,FALSE,FALSE,FALSE,FALSE
"812","EC:2.7.7.38",0,FALSE,FALSE,FALSE,FALSE
"813","EC:2.7.7.39",0,FALSE,FALSE,FALSE,FALSE
"814","EC:2.7.7.4",0,FALSE,FALSE,FALSE,FALSE
"815","EC:2.7.7.41",0,FALSE,FALSE,FALSE,FALSE
"816","EC:2.7.7.42",0,FALSE,FALSE,FALSE,FALSE
"817","EC:2.7.7.43",0,FALSE,FALSE,FALSE,FALSE
"818","EC:2.7.7.49",351,FALSE,FALSE,FALSE,FALSE
"819","EC:2.7.7.53",0,FALSE,FALSE,FALSE,FALSE
"820","EC:2.7.7.56",0,FALSE,FALSE,FALSE,FALSE
"821","EC:2.7.7.58",0,FALSE,FALSE,FALSE,FALSE
"822","EC:2.7.7.59",0,FALSE,FALSE,FALSE,FALSE
"823","EC:2.7.7.6",0,FALSE,FALSE,FALSE,FALSE
"824","EC:2.7.7.60",0,FALSE,FALSE,FALSE,FALSE
"825","EC:2.7.7.61",0,FALSE,FALSE,FALSE,FALSE
"826","EC:2.7.7.62",NA,NA,NA,NA,NA
"827","EC:2.7.7.63",0,FALSE,FALSE,FALSE,FALSE
"828","EC:2.7.7.65",0,FALSE,FALSE,FALSE,FALSE
"829","EC:2.7.7.66",NA,NA,NA,NA,NA
"830","EC:2.7.7.68",0,FALSE,FALSE,FALSE,FALSE
"831","EC:2.7.7.7",0,FALSE,FALSE,FALSE,FALSE
"832","EC:2.7.7.70",NA,NA,NA,NA,NA
"833","EC:2.7.7.71",0,FALSE,FALSE,FALSE,FALSE
"834","EC:2.7.7.72",0,FALSE,FALSE,FALSE,FALSE
"835","EC:2.7.7.73",0,FALSE,FALSE,FALSE,FALSE
"836","EC:2.7.7.75",0,FALSE,FALSE,FALSE,FALSE
"837","EC:2.7.7.76",0,FALSE,FALSE,FALSE,FALSE
"838","EC:2.7.7.77",0,FALSE,FALSE,FALSE,FALSE
"839","EC:2.7.7.8",0,FALSE,FALSE,FALSE,FALSE
"840","EC:2.7.7.81",0,FALSE,FALSE,FALSE,FALSE
"841","EC:2.7.7.82",0,FALSE,FALSE,FALSE,FALSE
"842","EC:2.7.7.83",1523,TRUE,TRUE,TRUE,TRUE
"843","EC:2.7.7.85",0,FALSE,FALSE,FALSE,FALSE
"844","EC:2.7.7.87",0,FALSE,FALSE,FALSE,FALSE
"845","EC:2.7.7.9",0,FALSE,FALSE,FALSE,FALSE
"846","EC:2.7.8.1",NA,NA,NA,NA,NA
"847","EC:2.7.8.12",0,FALSE,FALSE,FALSE,FALSE
"848","EC:2.7.8.13",0,FALSE,FALSE,FALSE,FALSE
"849","EC:2.7.8.14",NA,NA,NA,NA,NA
"850","EC:2.7.8.20",0,FALSE,FALSE,FALSE,FALSE
"851","EC:2.7.8.24",0,FALSE,FALSE,FALSE,FALSE
"852","EC:2.7.8.26",0,FALSE,FALSE,FALSE,FALSE
"853","EC:2.7.8.28",NA,NA,NA,NA,NA
"854","EC:2.7.8.33",0,FALSE,FALSE,FALSE,FALSE
"855","EC:2.7.8.36",NA,NA,NA,NA,NA
"856","EC:2.7.8.37",0,FALSE,FALSE,FALSE,FALSE
"857","EC:2.7.8.41",0,FALSE,FALSE,FALSE,FALSE
"858","EC:2.7.8.5",0,FALSE,FALSE,FALSE,FALSE
"859","EC:2.7.8.6",0,FALSE,FALSE,FALSE,FALSE
"860","EC:2.7.8.7",0,FALSE,FALSE,FALSE,FALSE
"861","EC:2.7.8.8",0,FALSE,FALSE,FALSE,FALSE
"862","EC:2.7.9.1",0,FALSE,FALSE,FALSE,FALSE
"863","EC:2.7.9.2",0,FALSE,FALSE,FALSE,FALSE
"864","EC:2.7.9.3",0,FALSE,FALSE,FALSE,FALSE
"865","EC:2.8.1.1",0,FALSE,FALSE,FALSE,FALSE
"866","EC:2.8.1.10",0,FALSE,FALSE,FALSE,FALSE
"867","EC:2.8.1.12",0,FALSE,FALSE,FALSE,FALSE
"868","EC:2.8.1.2",0,FALSE,FALSE,FALSE,FALSE
"869","EC:2.8.1.6",0,FALSE,FALSE,FALSE,FALSE
"870","EC:2.8.1.7",0,FALSE,FALSE,FALSE,FALSE
"871","EC:2.8.1.8",0,FALSE,FALSE,FALSE,FALSE
"872","EC:2.8.2.22",0,FALSE,FALSE,FALSE,FALSE
"873","EC:2.8.3.1",0,FALSE,FALSE,FALSE,FALSE
"874","EC:2.8.3.10",0,FALSE,FALSE,FALSE,FALSE
"875","EC:2.8.3.12",0,FALSE,FALSE,FALSE,FALSE
"876","EC:2.8.3.16",0,FALSE,FALSE,FALSE,FALSE
"877","EC:2.8.3.17",0,FALSE,FALSE,FALSE,FALSE
"878","EC:2.8.3.18",0,FALSE,FALSE,FALSE,FALSE
"879","EC:2.8.3.19",0,FALSE,FALSE,FALSE,FALSE
"880","EC:2.8.3.21",NA,NA,NA,NA,NA
"881","EC:2.8.3.5",0,FALSE,FALSE,FALSE,FALSE
"882","EC:2.8.3.6",0,FALSE,FALSE,FALSE,FALSE
"883","EC:2.8.3.8",0,FALSE,FALSE,FALSE,FALSE
"884","EC:2.8.3.9",0,FALSE,FALSE,FALSE,FALSE
"885","EC:2.8.4.2",NA,NA,NA,NA,NA
"886","EC:2.8.4.3",0,FALSE,FALSE,FALSE,FALSE
"887","EC:2.8.4.4",0,FALSE,FALSE,FALSE,FALSE
"888","EC:2.8.4.5",0,FALSE,FALSE,FALSE,FALSE
"889","EC:2.9.1.1",0,FALSE,FALSE,FALSE,FALSE
"890","EC:3.1.1.1",0,FALSE,FALSE,FALSE,FALSE
"891","EC:3.1.1.11",0,FALSE,FALSE,FALSE,FALSE
"892","EC:3.1.1.15",NA,NA,NA,NA,NA
"893","EC:3.1.1.17",1309,FALSE,FALSE,TRUE,TRUE
"894","EC:3.1.1.22",0,FALSE,FALSE,FALSE,FALSE
"895","EC:3.1.1.24",0,FALSE,FALSE,FALSE,FALSE
"896","EC:3.1.1.29",0,FALSE,FALSE,FALSE,FALSE
"897","EC:3.1.1.3",0,FALSE,FALSE,FALSE,FALSE
"898","EC:3.1.1.31",0,FALSE,FALSE,FALSE,FALSE
"899","EC:3.1.1.32",NA,NA,NA,NA,NA
"900","EC:3.1.1.4",NA,NA,NA,NA,NA
"901","EC:3.1.1.41",0,FALSE,FALSE,FALSE,FALSE
"902","EC:3.1.1.45",0,FALSE,FALSE,FALSE,FALSE
"903","EC:3.1.1.5",0,FALSE,FALSE,FALSE,FALSE
"904","EC:3.1.1.53",0,FALSE,FALSE,FALSE,FALSE
"905","EC:3.1.1.57",NA,NA,NA,NA,NA
"906","EC:3.1.1.61",0,FALSE,FALSE,FALSE,FALSE
"907","EC:3.1.1.73",0,FALSE,FALSE,FALSE,FALSE
"908","EC:3.1.1.75",0,FALSE,FALSE,FALSE,FALSE
"909","EC:3.1.1.85",0,FALSE,FALSE,FALSE,FALSE
"910","EC:3.1.11.1",0,FALSE,FALSE,FALSE,FALSE
"911","EC:3.1.11.2",0,FALSE,FALSE,FALSE,FALSE
"912","EC:3.1.11.5",0,FALSE,FALSE,FALSE,FALSE
"913","EC:3.1.11.6",0,FALSE,FALSE,FALSE,FALSE
"914","EC:3.1.12.1",0,FALSE,FALSE,FALSE,FALSE
"915","EC:3.1.13.1",0,FALSE,FALSE,FALSE,FALSE
"916","EC:3.1.13.3",0,FALSE,FALSE,FALSE,FALSE
"917","EC:3.1.13.5",0,FALSE,FALSE,FALSE,FALSE
"918","EC:3.1.2.12",0,FALSE,FALSE,FALSE,FALSE
"919","EC:3.1.2.20",0,FALSE,FALSE,FALSE,FALSE
"920","EC:3.1.2.21",0,FALSE,FALSE,FALSE,FALSE
"921","EC:3.1.2.23",0,FALSE,FALSE,FALSE,FALSE
"922","EC:3.1.2.28",0,FALSE,FALSE,FALSE,FALSE
"923","EC:3.1.2.6",0,FALSE,FALSE,FALSE,FALSE
"924","EC:3.1.21.2",0,FALSE,FALSE,FALSE,FALSE
"925","EC:3.1.21.3",0,FALSE,FALSE,FALSE,FALSE
"926","EC:3.1.21.4",0,FALSE,FALSE,FALSE,FALSE
"927","EC:3.1.21.5",0,FALSE,FALSE,FALSE,FALSE
"928","EC:3.1.21.7",0,FALSE,FALSE,FALSE,FALSE
"929","EC:3.1.22.4",0,FALSE,FALSE,FALSE,FALSE
"930","EC:3.1.26.11",0,FALSE,FALSE,FALSE,FALSE
"931","EC:3.1.26.12",0,FALSE,FALSE,FALSE,FALSE
"932","EC:3.1.26.3",0,FALSE,FALSE,FALSE,FALSE
"933","EC:3.1.26.4",0,FALSE,FALSE,FALSE,FALSE
"934","EC:3.1.26.5",0,FALSE,FALSE,FALSE,FALSE
"935","EC:3.1.26.8",0,FALSE,FALSE,FALSE,FALSE
"936","EC:3.1.27.1",0,FALSE,FALSE,FALSE,FALSE
"937","EC:3.1.27.3",1369,FALSE,TRUE,TRUE,TRUE
"938","EC:3.1.3.1",0,FALSE,FALSE,FALSE,FALSE
"939","EC:3.1.3.10",0,FALSE,FALSE,FALSE,FALSE
"940","EC:3.1.3.11",0,FALSE,FALSE,FALSE,FALSE
"941","EC:3.1.3.12",0,FALSE,FALSE,FALSE,FALSE
"942","EC:3.1.3.15",0,FALSE,FALSE,FALSE,FALSE
"943","EC:3.1.3.16",0,FALSE,FALSE,FALSE,FALSE
"944","EC:3.1.3.18",0,FALSE,FALSE,FALSE,FALSE
"945","EC:3.1.3.2",0,FALSE,FALSE,FALSE,FALSE
"946","EC:3.1.3.23",1256,FALSE,FALSE,TRUE,TRUE
"947","EC:3.1.3.25",0,FALSE,FALSE,FALSE,FALSE
"948","EC:3.1.3.27",0,FALSE,FALSE,FALSE,FALSE
"949","EC:3.1.3.3",0,FALSE,FALSE,FALSE,FALSE
"950","EC:3.1.3.37",967,FALSE,FALSE,FALSE,FALSE
"951","EC:3.1.3.4",NA,NA,NA,NA,NA
"952","EC:3.1.3.41",0,FALSE,FALSE,FALSE,FALSE
"953","EC:3.1.3.45",0,FALSE,FALSE,FALSE,FALSE
"954","EC:3.1.3.48",0,FALSE,FALSE,FALSE,FALSE
"955","EC:3.1.3.5",0,FALSE,FALSE,FALSE,FALSE
"956","EC:3.1.3.6",NA,NA,NA,NA,NA
"957","EC:3.1.3.7",0,FALSE,FALSE,FALSE,FALSE
"958","EC:3.1.3.71",0,FALSE,FALSE,FALSE,FALSE
"959","EC:3.1.3.73",0,FALSE,FALSE,FALSE,FALSE
"960","EC:3.1.3.77",NA,NA,NA,NA,NA
"961","EC:3.1.3.8",0,FALSE,FALSE,FALSE,FALSE
"962","EC:3.1.3.81",NA,NA,NA,NA,NA
"963","EC:3.1.3.82",NA,NA,NA,NA,NA
"964","EC:3.1.3.83",NA,NA,NA,NA,NA
"965","EC:3.1.3.89",0,FALSE,FALSE,FALSE,FALSE
"966","EC:3.1.3.90",0,FALSE,FALSE,FALSE,FALSE
"967","EC:3.1.31.1",0,FALSE,FALSE,FALSE,FALSE
"968","EC:3.1.4.16",NA,NA,NA,NA,NA
"969","EC:3.1.4.3",0,FALSE,FALSE,FALSE,FALSE
"970","EC:3.1.4.37",0,FALSE,FALSE,FALSE,FALSE
"971","EC:3.1.4.46",0,FALSE,FALSE,FALSE,FALSE
"972","EC:3.1.4.52",NA,NA,NA,NA,NA
"973","EC:3.1.4.55",0,FALSE,FALSE,FALSE,FALSE
"974","EC:3.1.5.1",0,FALSE,FALSE,FALSE,FALSE
"975","EC:3.1.6.1",0,FALSE,FALSE,FALSE,FALSE
"976","EC:3.1.6.6",0,FALSE,FALSE,FALSE,FALSE
"977","EC:3.1.7.2",0,FALSE,FALSE,FALSE,FALSE
"978","EC:3.11.1.1",186,FALSE,FALSE,FALSE,FALSE
"979","EC:3.11.1.2",0,FALSE,FALSE,FALSE,FALSE
"980","EC:3.13.1.1",NA,NA,NA,NA,NA
"981","EC:3.2.1.1",0,FALSE,FALSE,FALSE,FALSE
"982","EC:3.2.1.10",0,FALSE,FALSE,FALSE,FALSE
"983","EC:3.2.1.11",0,FALSE,FALSE,FALSE,FALSE
"984","EC:3.2.1.122",0,FALSE,FALSE,FALSE,FALSE
"985","EC:3.2.1.123",250,FALSE,FALSE,FALSE,FALSE
"986","EC:3.2.1.135",0,FALSE,FALSE,FALSE,FALSE
"987","EC:3.2.1.139",0,FALSE,FALSE,FALSE,FALSE
"988","EC:3.2.1.14",0,FALSE,FALSE,FALSE,FALSE
"989","EC:3.2.1.141",0,FALSE,FALSE,FALSE,FALSE
"990","EC:3.2.1.165",0,FALSE,FALSE,FALSE,FALSE
"991","EC:3.2.1.17",0,FALSE,FALSE,FALSE,FALSE
"992","EC:3.2.1.170",0,FALSE,FALSE,FALSE,FALSE
"993","EC:3.2.1.172",457,FALSE,FALSE,FALSE,FALSE
"994","EC:3.2.1.177",0,FALSE,FALSE,FALSE,FALSE
"995","EC:3.2.1.18",0,FALSE,FALSE,FALSE,FALSE
"996","EC:3.2.1.180",1001,FALSE,FALSE,FALSE,TRUE
"997","EC:3.2.1.183",NA,NA,NA,NA,NA
"998","EC:3.2.1.184",NA,NA,NA,NA,NA
"999","EC:3.2.1.20",0,FALSE,FALSE,FALSE,FALSE
"1000","EC:3.2.1.21",0,FALSE,FALSE,FALSE,FALSE
"1001","EC:3.2.1.22",0,FALSE,FALSE,FALSE,FALSE
"1002","EC:3.2.1.23",0,FALSE,FALSE,FALSE,FALSE
"1003","EC:3.2.1.24",0,FALSE,FALSE,FALSE,FALSE
"1004","EC:3.2.1.25",0,FALSE,FALSE,FALSE,FALSE
"1005","EC:3.2.1.26",0,FALSE,FALSE,FALSE,FALSE
"1006","EC:3.2.1.28",137,FALSE,FALSE,FALSE,FALSE
"1007","EC:3.2.1.3",NA,NA,NA,NA,NA
"1008","EC:3.2.1.31",0,FALSE,FALSE,FALSE,FALSE
"1009","EC:3.2.1.35",0,FALSE,FALSE,FALSE,FALSE
"1010","EC:3.2.1.37",0,FALSE,FALSE,FALSE,FALSE
"1011","EC:3.2.1.4",0,FALSE,FALSE,FALSE,FALSE
"1012","EC:3.2.1.40",0,FALSE,FALSE,FALSE,FALSE
"1013","EC:3.2.1.41",0,FALSE,FALSE,FALSE,FALSE
"1014","EC:3.2.1.45",0,FALSE,FALSE,FALSE,FALSE
"1015","EC:3.2.1.50",0,FALSE,FALSE,FALSE,FALSE
"1016","EC:3.2.1.51",0,FALSE,FALSE,FALSE,FALSE
"1017","EC:3.2.1.52",0,FALSE,FALSE,FALSE,FALSE
"1018","EC:3.2.1.55",0,FALSE,FALSE,FALSE,FALSE
"1019","EC:3.2.1.58",NA,NA,NA,NA,NA
"1020","EC:3.2.1.64",0,FALSE,FALSE,FALSE,FALSE
"1021","EC:3.2.1.65",0,FALSE,FALSE,FALSE,FALSE
"1022","EC:3.2.1.70",0,FALSE,FALSE,FALSE,FALSE
"1023","EC:3.2.1.78",0,FALSE,FALSE,FALSE,FALSE
"1024","EC:3.2.1.8",0,FALSE,FALSE,FALSE,FALSE
"1025","EC:3.2.1.80",0,FALSE,FALSE,FALSE,FALSE
"1026","EC:3.2.1.81",NA,NA,NA,NA,NA
"1027","EC:3.2.1.85",0,FALSE,FALSE,FALSE,FALSE
"1028","EC:3.2.1.86",0,FALSE,FALSE,FALSE,FALSE
"1029","EC:3.2.1.89",0,FALSE,FALSE,FALSE,FALSE
"1030","EC:3.2.1.93",0,FALSE,FALSE,FALSE,FALSE
"1031","EC:3.2.1.96",0,FALSE,FALSE,FALSE,FALSE
"1032","EC:3.2.1.97",0,FALSE,FALSE,FALSE,FALSE
"1033","EC:3.2.1.99",0,FALSE,FALSE,FALSE,FALSE
"1034","EC:3.2.2.1",0,FALSE,FALSE,FALSE,FALSE
"1035","EC:3.2.2.20",0,FALSE,FALSE,FALSE,FALSE
"1036","EC:3.2.2.21",0,FALSE,FALSE,FALSE,FALSE
"1037","EC:3.2.2.23",0,FALSE,FALSE,FALSE,FALSE
"1038","EC:3.2.2.24",0,FALSE,FALSE,FALSE,FALSE
"1039","EC:3.2.2.26",NA,NA,NA,NA,NA
"1040","EC:3.2.2.27",0,FALSE,FALSE,FALSE,FALSE
"1041","EC:3.2.2.30",NA,NA,NA,NA,NA
"1042","EC:3.2.2.4",0,FALSE,FALSE,FALSE,FALSE
"1043","EC:3.2.2.8",0,FALSE,FALSE,FALSE,FALSE
"1044","EC:3.2.2.9",0,FALSE,FALSE,FALSE,FALSE
"1045","EC:3.3.1.1",0,FALSE,FALSE,FALSE,FALSE
"1046","EC:3.3.2.1",0,FALSE,FALSE,FALSE,FALSE
"1047","EC:3.3.2.12",NA,NA,NA,NA,NA
"1048","EC:3.3.2.8",0,FALSE,FALSE,FALSE,FALSE
"1049","EC:3.4.11.1",0,FALSE,FALSE,FALSE,FALSE
"1050","EC:3.4.11.10",0,FALSE,FALSE,FALSE,FALSE
"1051","EC:3.4.11.18",0,FALSE,FALSE,FALSE,FALSE
"1052","EC:3.4.11.19",0,FALSE,FALSE,FALSE,FALSE
"1053","EC:3.4.11.2",0,FALSE,FALSE,FALSE,FALSE
"1054","EC:3.4.11.21",0,FALSE,FALSE,FALSE,FALSE
"1055","EC:3.4.11.23",NA,NA,NA,NA,NA
"1056","EC:3.4.11.4",0,FALSE,FALSE,FALSE,FALSE
"1057","EC:3.4.11.5",0,FALSE,FALSE,FALSE,FALSE
"1058","EC:3.4.11.7",0,FALSE,FALSE,FALSE,FALSE
"1059","EC:3.4.11.9",0,FALSE,FALSE,FALSE,FALSE
"1060","EC:3.4.13.19",0,FALSE,FALSE,FALSE,FALSE
"1061","EC:3.4.13.21",0,FALSE,FALSE,FALSE,FALSE
"1062","EC:3.4.13.22",0,FALSE,FALSE,FALSE,FALSE
"1063","EC:3.4.13.9",0,FALSE,FALSE,FALSE,FALSE
"1064","EC:3.4.14.11",0,FALSE,FALSE,FALSE,FALSE
"1065","EC:3.4.14.12",0,FALSE,FALSE,FALSE,FALSE
"1066","EC:3.4.14.4",0,FALSE,FALSE,FALSE,FALSE
"1067","EC:3.4.14.5",0,FALSE,FALSE,FALSE,FALSE
"1068","EC:3.4.15.1",0,FALSE,FALSE,FALSE,FALSE
"1069","EC:3.4.15.5",0,FALSE,FALSE,FALSE,FALSE
"1070","EC:3.4.15.6",NA,NA,NA,NA,NA
"1071","EC:3.4.16.4",0,FALSE,FALSE,FALSE,FALSE
"1072","EC:3.4.17.11",0,FALSE,FALSE,FALSE,FALSE
"1073","EC:3.4.17.13",0,FALSE,FALSE,FALSE,FALSE
"1074","EC:3.4.17.19",0,FALSE,FALSE,FALSE,FALSE
"1075","EC:3.4.19.1",0,FALSE,FALSE,FALSE,FALSE
"1076","EC:3.4.19.11",1370,FALSE,TRUE,TRUE,TRUE
"1077","EC:3.4.19.13",NA,NA,NA,NA,NA
"1078","EC:3.4.19.3",0,FALSE,FALSE,FALSE,FALSE
"1079","EC:3.4.19.5",0,FALSE,FALSE,FALSE,FALSE
"1080","EC:3.4.21.100",0,FALSE,FALSE,FALSE,FALSE
"1081","EC:3.4.21.101",NA,NA,NA,NA,NA
"1082","EC:3.4.21.102",0,FALSE,FALSE,FALSE,FALSE
"1083","EC:3.4.21.105",0,FALSE,FALSE,FALSE,FALSE
"1084","EC:3.4.21.107",0,FALSE,FALSE,FALSE,FALSE
"1085","EC:3.4.21.116",NA,NA,NA,NA,NA
"1086","EC:3.4.21.19",1124,FALSE,FALSE,FALSE,TRUE
"1087","EC:3.4.21.26",0,FALSE,FALSE,FALSE,FALSE
"1088","EC:3.4.21.53",0,FALSE,FALSE,FALSE,FALSE
"1089","EC:3.4.21.66",NA,NA,NA,NA,NA
"1090","EC:3.4.21.72",0,FALSE,FALSE,FALSE,FALSE
"1091","EC:3.4.21.83",0,FALSE,FALSE,FALSE,FALSE
"1092","EC:3.4.21.88",0,FALSE,FALSE,FALSE,FALSE
"1093","EC:3.4.21.89",0,FALSE,FALSE,FALSE,FALSE
"1094","EC:3.4.21.92",0,FALSE,FALSE,FALSE,FALSE
"1095","EC:3.4.21.96",0,FALSE,FALSE,FALSE,FALSE
"1096","EC:3.4.22.40",0,FALSE,FALSE,FALSE,FALSE
"1097","EC:3.4.22.70",0,FALSE,FALSE,FALSE,FALSE
"1098","EC:3.4.23.36",0,FALSE,FALSE,FALSE,FALSE
"1099","EC:3.4.23.43",0,FALSE,FALSE,FALSE,FALSE
"1100","EC:3.4.23.51",0,FALSE,FALSE,FALSE,FALSE
"1101","EC:3.4.24.13",0,FALSE,FALSE,FALSE,FALSE
"1102","EC:3.4.24.15",NA,NA,NA,NA,NA
"1103","EC:3.4.24.55",0,FALSE,FALSE,FALSE,FALSE
"1104","EC:3.4.24.70",0,FALSE,FALSE,FALSE,FALSE
"1105","EC:3.4.24.71",NA,NA,NA,NA,NA
"1106","EC:3.4.24.78",NA,NA,NA,NA,NA
"1107","EC:3.4.24.84",0,FALSE,FALSE,FALSE,FALSE
"1108","EC:3.4.25.1",0,FALSE,FALSE,FALSE,FALSE
"1109","EC:3.4.25.2",0,FALSE,FALSE,FALSE,FALSE
"1110","EC:3.5.1.1",0,FALSE,FALSE,FALSE,FALSE
"1111","EC:3.5.1.10",0,FALSE,FALSE,FALSE,FALSE
"1112","EC:3.5.1.100",0,FALSE,FALSE,FALSE,FALSE
"1113","EC:3.5.1.103",0,FALSE,FALSE,FALSE,FALSE
"1114","EC:3.5.1.105",0,FALSE,FALSE,FALSE,FALSE
"1115","EC:3.5.1.108",0,FALSE,FALSE,FALSE,FALSE
"1116","EC:3.5.1.11",0,FALSE,FALSE,FALSE,FALSE
"1117","EC:3.5.1.110",0,FALSE,FALSE,FALSE,FALSE
"1118","EC:3.5.1.115",0,FALSE,FALSE,FALSE,FALSE
"1119","EC:3.5.1.118",0,FALSE,FALSE,FALSE,FALSE
"1120","EC:3.5.1.16",0,FALSE,FALSE,FALSE,FALSE
"1121","EC:3.5.1.18",0,FALSE,FALSE,FALSE,FALSE
"1122","EC:3.5.1.19",0,FALSE,FALSE,FALSE,FALSE
"1123","EC:3.5.1.2",0,FALSE,FALSE,FALSE,FALSE
"1124","EC:3.5.1.23",0,FALSE,FALSE,FALSE,FALSE
"1125","EC:3.5.1.24",0,FALSE,FALSE,FALSE,FALSE
"1126","EC:3.5.1.25",0,FALSE,FALSE,FALSE,FALSE
"1127","EC:3.5.1.26",0,FALSE,FALSE,FALSE,FALSE
"1128","EC:3.5.1.28",0,FALSE,FALSE,FALSE,FALSE
"1129","EC:3.5.1.32",1564,TRUE,TRUE,TRUE,TRUE
"1130","EC:3.5.1.38",NA,NA,NA,NA,NA
"1131","EC:3.5.1.4",0,FALSE,FALSE,FALSE,FALSE
"1132","EC:3.5.1.42",0,FALSE,FALSE,FALSE,FALSE
"1133","EC:3.5.1.44",0,FALSE,FALSE,FALSE,FALSE
"1134","EC:3.5.1.46",0,FALSE,FALSE,FALSE,FALSE
"1135","EC:3.5.1.47",0,FALSE,FALSE,FALSE,FALSE
"1136","EC:3.5.1.49",0,FALSE,FALSE,FALSE,FALSE
"1137","EC:3.5.1.5",0,FALSE,FALSE,FALSE,FALSE
"1138","EC:3.5.1.53",0,FALSE,FALSE,FALSE,FALSE
"1139","EC:3.5.1.54",0,FALSE,FALSE,FALSE,FALSE
"1140","EC:3.5.1.56",NA,NA,NA,NA,NA
"1141","EC:3.5.1.68",0,FALSE,FALSE,FALSE,FALSE
"1142","EC:3.5.1.78",NA,NA,NA,NA,NA
"1143","EC:3.5.1.81",0,FALSE,FALSE,FALSE,FALSE
"1144","EC:3.5.1.87",0,FALSE,FALSE,FALSE,FALSE
"1145","EC:3.5.1.88",0,FALSE,FALSE,FALSE,FALSE
"1146","EC:3.5.1.9",0,FALSE,FALSE,FALSE,FALSE
"1147","EC:3.5.1.90",0,FALSE,FALSE,FALSE,FALSE
"1148","EC:3.5.1.96",0,FALSE,FALSE,FALSE,FALSE
"1149","EC:3.5.1.97",1,FALSE,FALSE,FALSE,FALSE
"1150","EC:3.5.2.10",0,FALSE,FALSE,FALSE,FALSE
"1151","EC:3.5.2.12",NA,NA,NA,NA,NA
"1152","EC:3.5.2.14",0,FALSE,FALSE,FALSE,FALSE
"1153","EC:3.5.2.15",NA,NA,NA,NA,NA
"1154","EC:3.5.2.17",0,FALSE,FALSE,FALSE,FALSE
"1155","EC:3.5.2.18",NA,NA,NA,NA,NA
"1156","EC:3.5.2.2",0,FALSE,FALSE,FALSE,FALSE
"1157","EC:3.5.2.3",0,FALSE,FALSE,FALSE,FALSE
"1158","EC:3.5.2.5",0,FALSE,FALSE,FALSE,FALSE
"1159","EC:3.5.2.6",0,FALSE,FALSE,FALSE,FALSE
"1160","EC:3.5.2.7",0,FALSE,FALSE,FALSE,FALSE
"1161","EC:3.5.2.9",0,FALSE,FALSE,FALSE,FALSE
"1162","EC:3.5.3.1",0,FALSE,FALSE,FALSE,FALSE
"1163","EC:3.5.3.11",0,FALSE,FALSE,FALSE,FALSE
"1164","EC:3.5.3.12",0,FALSE,FALSE,FALSE,FALSE
"1165","EC:3.5.3.13",0,FALSE,FALSE,FALSE,FALSE
"1166","EC:3.5.3.23",0,FALSE,FALSE,FALSE,FALSE
"1167","EC:3.5.3.26",0,FALSE,FALSE,FALSE,FALSE
"1168","EC:3.5.3.3",693,FALSE,FALSE,FALSE,FALSE
"1169","EC:3.5.3.4",0,FALSE,FALSE,FALSE,FALSE
"1170","EC:3.5.3.6",0,FALSE,FALSE,FALSE,FALSE
"1171","EC:3.5.3.7",NA,NA,NA,NA,NA
"1172","EC:3.5.3.8",0,FALSE,FALSE,FALSE,FALSE
"1173","EC:3.5.3.9",0,FALSE,FALSE,FALSE,FALSE
"1174","EC:3.5.4.1",0,FALSE,FALSE,FALSE,FALSE
"1175","EC:3.5.4.10",NA,NA,NA,NA,NA
"1176","EC:3.5.4.12",0,FALSE,FALSE,FALSE,FALSE
"1177","EC:3.5.4.13",0,FALSE,FALSE,FALSE,FALSE
"1178","EC:3.5.4.16",0,FALSE,FALSE,FALSE,FALSE
"1179","EC:3.5.4.19",0,FALSE,FALSE,FALSE,FALSE
"1180","EC:3.5.4.2",0,FALSE,FALSE,FALSE,FALSE
"1181","EC:3.5.4.25",0,FALSE,FALSE,FALSE,FALSE
"1182","EC:3.5.4.26",0,FALSE,FALSE,FALSE,FALSE
"1183","EC:3.5.4.27",NA,NA,NA,NA,NA
"1184","EC:3.5.4.28",NA,NA,NA,NA,NA
"1185","EC:3.5.4.3",0,FALSE,FALSE,FALSE,FALSE
"1186","EC:3.5.4.31",NA,NA,NA,NA,NA
"1187","EC:3.5.4.32",NA,NA,NA,NA,NA
"1188","EC:3.5.4.33",0,FALSE,FALSE,FALSE,FALSE
"1189","EC:3.5.4.4",0,FALSE,FALSE,FALSE,FALSE
"1190","EC:3.5.4.5",0,FALSE,FALSE,FALSE,FALSE
"1191","EC:3.5.4.9",NA,NA,NA,NA,NA
"1192","EC:3.5.5.1",0,FALSE,FALSE,FALSE,FALSE
"1193","EC:3.5.5.7",NA,NA,NA,NA,NA
"1194","EC:3.5.99.10",0,FALSE,FALSE,FALSE,FALSE
"1195","EC:3.5.99.2",0,FALSE,FALSE,FALSE,FALSE
"1196","EC:3.5.99.5",NA,NA,NA,NA,NA
"1197","EC:3.5.99.6",0,FALSE,FALSE,FALSE,FALSE
"1198","EC:3.5.99.7",0,FALSE,FALSE,FALSE,FALSE
"1199","EC:3.6.1.1",0,FALSE,FALSE,FALSE,FALSE
"1200","EC:3.6.1.11",NA,NA,NA,NA,NA
"1201","EC:3.6.1.13",0,FALSE,FALSE,FALSE,FALSE
"1202","EC:3.6.1.15",NA,NA,NA,NA,NA
"1203","EC:3.6.1.22",0,FALSE,FALSE,FALSE,FALSE
"1204","EC:3.6.1.23",0,FALSE,FALSE,FALSE,FALSE
"1205","EC:3.6.1.26",0,FALSE,FALSE,FALSE,FALSE
"1206","EC:3.6.1.27",0,FALSE,FALSE,FALSE,FALSE
"1207","EC:3.6.1.31",0,FALSE,FALSE,FALSE,FALSE
"1208","EC:3.6.1.40",NA,NA,NA,NA,NA
"1209","EC:3.6.1.41",0,FALSE,FALSE,FALSE,FALSE
"1210","EC:3.6.1.45",0,FALSE,FALSE,FALSE,FALSE
"1211","EC:3.6.1.54",0,FALSE,FALSE,FALSE,FALSE
"1212","EC:3.6.1.55",0,FALSE,FALSE,FALSE,FALSE
"1213","EC:3.6.1.57",0,FALSE,FALSE,FALSE,FALSE
"1214","EC:3.6.1.63",144,FALSE,FALSE,FALSE,FALSE
"1215","EC:3.6.1.66",0,FALSE,FALSE,FALSE,FALSE
"1216","EC:3.6.1.7",0,FALSE,FALSE,FALSE,FALSE
"1217","EC:3.6.1.8",0,FALSE,FALSE,FALSE,FALSE
"1218","EC:3.6.3.12",0,FALSE,FALSE,FALSE,FALSE
"1219","EC:3.6.3.14",0,FALSE,FALSE,FALSE,FALSE
"1220","EC:3.6.3.16",0,FALSE,FALSE,FALSE,FALSE
"1221","EC:3.6.3.17",0,FALSE,FALSE,FALSE,FALSE
"1222","EC:3.6.3.2",0,FALSE,FALSE,FALSE,FALSE
"1223","EC:3.6.3.20",0,FALSE,FALSE,FALSE,FALSE
"1224","EC:3.6.3.21",0,FALSE,FALSE,FALSE,FALSE
"1225","EC:3.6.3.24",0,FALSE,FALSE,FALSE,FALSE
"1226","EC:3.6.3.25",0,FALSE,FALSE,FALSE,FALSE
"1227","EC:3.6.3.27",0,FALSE,FALSE,FALSE,FALSE
"1228","EC:3.6.3.28",0,FALSE,FALSE,FALSE,FALSE
"1229","EC:3.6.3.29",0,FALSE,FALSE,FALSE,FALSE
"1230","EC:3.6.3.3",NA,NA,NA,NA,NA
"1231","EC:3.6.3.30",0,FALSE,FALSE,FALSE,FALSE
"1232","EC:3.6.3.31",0,FALSE,FALSE,FALSE,FALSE
"1233","EC:3.6.3.32",0,FALSE,FALSE,FALSE,FALSE
"1234","EC:3.6.3.34",0,FALSE,FALSE,FALSE,FALSE
"1235","EC:3.6.3.36",0,FALSE,FALSE,FALSE,FALSE
"1236","EC:3.6.3.4",0,FALSE,FALSE,FALSE,FALSE
"1237","EC:3.6.3.40",0,FALSE,FALSE,FALSE,FALSE
"1238","EC:3.6.3.41",0,FALSE,FALSE,FALSE,FALSE
"1239","EC:3.6.3.44",123,FALSE,FALSE,FALSE,FALSE
"1240","EC:3.6.3.5",NA,NA,NA,NA,NA
"1241","EC:3.6.3.54",0,FALSE,FALSE,FALSE,FALSE
"1242","EC:3.6.3.55",0,FALSE,FALSE,FALSE,FALSE
"1243","EC:3.6.3.6",NA,NA,NA,NA,NA
"1244","EC:3.6.3.8",0,FALSE,FALSE,FALSE,FALSE
"1245","EC:3.6.4.12",0,FALSE,FALSE,FALSE,FALSE
"1246","EC:3.6.4.13",0,FALSE,FALSE,FALSE,FALSE
"1247","EC:3.7.1.12",0,FALSE,FALSE,FALSE,FALSE
"1248","EC:3.7.1.2",0,FALSE,FALSE,FALSE,FALSE
"1249","EC:3.7.1.20",0,FALSE,FALSE,FALSE,FALSE
"1250","EC:3.7.1.22",0,FALSE,FALSE,FALSE,FALSE
"1251","EC:3.7.1.3",0,FALSE,FALSE,FALSE,FALSE
"1252","EC:3.7.1.5",0,FALSE,FALSE,FALSE,FALSE
"1253","EC:3.8.1.2",0,FALSE,FALSE,FALSE,FALSE
"1254","EC:3.8.1.3",0,FALSE,FALSE,FALSE,FALSE
"1255","EC:3.8.1.5",NA,NA,NA,NA,NA
"1256","EC:4.1.1.11",0,FALSE,FALSE,FALSE,FALSE
"1257","EC:4.1.1.12",209,FALSE,FALSE,FALSE,FALSE
"1258","EC:4.1.1.15",0,FALSE,FALSE,FALSE,FALSE
"1259","EC:4.1.1.17",0,FALSE,FALSE,FALSE,FALSE
"1260","EC:4.1.1.18",0,FALSE,FALSE,FALSE,FALSE
"1261","EC:4.1.1.19",0,FALSE,FALSE,FALSE,FALSE
"1262","EC:4.1.1.2",0,FALSE,FALSE,FALSE,FALSE
"1263","EC:4.1.1.20",0,FALSE,FALSE,FALSE,FALSE
"1264","EC:4.1.1.23",0,FALSE,FALSE,FALSE,FALSE
"1265","EC:4.1.1.28",NA,NA,NA,NA,NA
"1266","EC:4.1.1.3",0,FALSE,FALSE,FALSE,FALSE
"1267","EC:4.1.1.31",0,FALSE,FALSE,FALSE,FALSE
"1268","EC:4.1.1.32",0,FALSE,FALSE,FALSE,FALSE
"1269","EC:4.1.1.33",0,FALSE,FALSE,FALSE,FALSE
"1270","EC:4.1.1.35",0,FALSE,FALSE,FALSE,FALSE
"1271","EC:4.1.1.36",0,FALSE,FALSE,FALSE,FALSE
"1272","EC:4.1.1.37",0,FALSE,FALSE,FALSE,FALSE
"1273","EC:4.1.1.39",0,FALSE,FALSE,FALSE,FALSE
"1274","EC:4.1.1.4",0,FALSE,FALSE,FALSE,FALSE
"1275","EC:4.1.1.44",0,FALSE,FALSE,FALSE,FALSE
"1276","EC:4.1.1.45",NA,NA,NA,NA,NA
"1277","EC:4.1.1.47",0,FALSE,FALSE,FALSE,FALSE
"1278","EC:4.1.1.48",0,FALSE,FALSE,FALSE,FALSE
"1279","EC:4.1.1.49",0,FALSE,FALSE,FALSE,FALSE
"1280","EC:4.1.1.5",0,FALSE,FALSE,FALSE,FALSE
"1281","EC:4.1.1.50",0,FALSE,FALSE,FALSE,FALSE
"1282","EC:4.1.1.64",0,FALSE,FALSE,FALSE,FALSE
"1283","EC:4.1.1.65",0,FALSE,FALSE,FALSE,FALSE
"1284","EC:4.1.1.68",0,FALSE,FALSE,FALSE,FALSE
"1285","EC:4.1.1.7",0,FALSE,FALSE,FALSE,FALSE
"1286","EC:4.1.1.70",0,FALSE,FALSE,FALSE,FALSE
"1287","EC:4.1.1.71",NA,NA,NA,NA,NA
"1288","EC:4.1.1.73",NA,NA,NA,NA,NA
"1289","EC:4.1.1.74",NA,NA,NA,NA,NA
"1290","EC:4.1.1.77",1,FALSE,FALSE,FALSE,FALSE
"1291","EC:4.1.1.8",NA,NA,NA,NA,NA
"1292","EC:4.1.1.81",0,FALSE,FALSE,FALSE,FALSE
"1293","EC:4.1.1.82",0,FALSE,FALSE,FALSE,FALSE
"1294","EC:4.1.1.83",NA,NA,NA,NA,NA
"1295","EC:4.1.1.85",0,FALSE,FALSE,FALSE,FALSE
"1296","EC:4.1.1.86",0,FALSE,FALSE,FALSE,FALSE
"1297","EC:4.1.1.87",0,FALSE,FALSE,FALSE,FALSE
"1298","EC:4.1.1.9",200,FALSE,FALSE,FALSE,FALSE
"1299","EC:4.1.1.96",0,FALSE,FALSE,FALSE,FALSE
"1300","EC:4.1.1.97",0,FALSE,FALSE,FALSE,FALSE
"1301","EC:4.1.1.98",0,FALSE,FALSE,FALSE,FALSE
"1302","EC:4.1.2.13",0,FALSE,FALSE,FALSE,FALSE
"1303","EC:4.1.2.14",NA,NA,NA,NA,NA
"1304","EC:4.1.2.17",0,FALSE,FALSE,FALSE,FALSE
"1305","EC:4.1.2.19",0,FALSE,FALSE,FALSE,FALSE
"1306","EC:4.1.2.20",0,FALSE,FALSE,FALSE,FALSE
"1307","EC:4.1.2.21",0,FALSE,FALSE,FALSE,FALSE
"1308","EC:4.1.2.22",NA,NA,NA,NA,NA
"1309","EC:4.1.2.25",0,FALSE,FALSE,FALSE,FALSE
"1310","EC:4.1.2.29",NA,NA,NA,NA,NA
"1311","EC:4.1.2.4",0,FALSE,FALSE,FALSE,FALSE
"1312","EC:4.1.2.40",0,FALSE,FALSE,FALSE,FALSE
"1313","EC:4.1.2.41",NA,NA,NA,NA,NA
"1314","EC:4.1.2.44",NA,NA,NA,NA,NA
"1315","EC:4.1.2.5",0,FALSE,FALSE,FALSE,FALSE
"1316","EC:4.1.2.50",NA,NA,NA,NA,NA
"1317","EC:4.1.2.52",0,FALSE,FALSE,FALSE,FALSE
"1318","EC:4.1.2.9",NA,NA,NA,NA,NA
"1319","EC:4.1.3.1",0,FALSE,FALSE,FALSE,FALSE
"1320","EC:4.1.3.16",0,FALSE,FALSE,FALSE,FALSE
"1321","EC:4.1.3.17",681,FALSE,FALSE,FALSE,FALSE
"1322","EC:4.1.3.25",NA,NA,NA,NA,NA
"1323","EC:4.1.3.27",0,FALSE,FALSE,FALSE,FALSE
"1324","EC:4.1.3.3",0,FALSE,FALSE,FALSE,FALSE
"1325","EC:4.1.3.30",0,FALSE,FALSE,FALSE,FALSE
"1326","EC:4.1.3.34",0,FALSE,FALSE,FALSE,FALSE
"1327","EC:4.1.3.36",0,FALSE,FALSE,FALSE,FALSE
"1328","EC:4.1.3.38",0,FALSE,FALSE,FALSE,FALSE
"1329","EC:4.1.3.39",0,FALSE,FALSE,FALSE,FALSE
"1330","EC:4.1.3.4",0,FALSE,FALSE,FALSE,FALSE
"1331","EC:4.1.3.40",0,FALSE,FALSE,FALSE,FALSE
"1332","EC:4.1.3.42",NA,NA,NA,NA,NA
"1333","EC:4.1.99.1",0,FALSE,FALSE,FALSE,FALSE
"1334","EC:4.1.99.12",0,FALSE,FALSE,FALSE,FALSE
"1335","EC:4.1.99.14",0,FALSE,FALSE,FALSE,FALSE
"1336","EC:4.1.99.17",0,FALSE,FALSE,FALSE,FALSE
"1337","EC:4.1.99.18",0,FALSE,FALSE,FALSE,FALSE
"1338","EC:4.1.99.19",0,FALSE,FALSE,FALSE,FALSE
"1339","EC:4.1.99.2",0,FALSE,FALSE,FALSE,FALSE
"1340","EC:4.1.99.3",0,FALSE,FALSE,FALSE,FALSE
"1341","EC:4.2.1.1",0,FALSE,FALSE,FALSE,FALSE
"1342","EC:4.2.1.10",0,FALSE,FALSE,FALSE,FALSE
"1343","EC:4.2.1.101",NA,NA,NA,NA,NA
"1344","EC:4.2.1.103",0,FALSE,FALSE,FALSE,FALSE
"1345","EC:4.2.1.104",0,FALSE,FALSE,FALSE,FALSE
"1346","EC:4.2.1.108",0,FALSE,FALSE,FALSE,FALSE
"1347","EC:4.2.1.109",NA,NA,NA,NA,NA
"1348","EC:4.2.1.11",0,FALSE,FALSE,FALSE,FALSE
"1349","EC:4.2.1.113",0,FALSE,FALSE,FALSE,FALSE
"1350","EC:4.2.1.115",0,FALSE,FALSE,FALSE,FALSE
"1351","EC:4.2.1.12",0,FALSE,FALSE,FALSE,FALSE
"1352","EC:4.2.1.120",NA,NA,NA,NA,NA
"1353","EC:4.2.1.126",0,FALSE,FALSE,FALSE,FALSE
"1354","EC:4.2.1.129",NA,NA,NA,NA,NA
"1355","EC:4.2.1.130",NA,NA,NA,NA,NA
"1356","EC:4.2.1.131",NA,NA,NA,NA,NA
"1357","EC:4.2.1.135",NA,NA,NA,NA,NA
"1358","EC:4.2.1.147",1,FALSE,FALSE,FALSE,FALSE
"1359","EC:4.2.1.149",NA,NA,NA,NA,NA
"1360","EC:4.2.1.151",0,FALSE,FALSE,FALSE,FALSE
"1361","EC:4.2.1.153",1348,FALSE,TRUE,TRUE,TRUE
"1362","EC:4.2.1.17",0,FALSE,FALSE,FALSE,FALSE
"1363","EC:4.2.1.18",0,FALSE,FALSE,FALSE,FALSE
"1364","EC:4.2.1.19",0,FALSE,FALSE,FALSE,FALSE
"1365","EC:4.2.1.2",0,FALSE,FALSE,FALSE,FALSE
"1366","EC:4.2.1.20",0,FALSE,FALSE,FALSE,FALSE
"1367","EC:4.2.1.22",0,FALSE,FALSE,FALSE,FALSE
"1368","EC:4.2.1.24",0,FALSE,FALSE,FALSE,FALSE
"1369","EC:4.2.1.25",NA,NA,NA,NA,NA
"1370","EC:4.2.1.28",0,FALSE,FALSE,FALSE,FALSE
"1371","EC:4.2.1.3",0,FALSE,FALSE,FALSE,FALSE
"1372","EC:4.2.1.30",0,FALSE,FALSE,FALSE,FALSE
"1373","EC:4.2.1.32",0,FALSE,FALSE,FALSE,FALSE
"1374","EC:4.2.1.33",0,FALSE,FALSE,FALSE,FALSE
"1375","EC:4.2.1.35",0,FALSE,FALSE,FALSE,FALSE
"1376","EC:4.2.1.40",0,FALSE,FALSE,FALSE,FALSE
"1377","EC:4.2.1.41",0,FALSE,FALSE,FALSE,FALSE
"1378","EC:4.2.1.42",912,FALSE,FALSE,FALSE,FALSE
"1379","EC:4.2.1.43",NA,NA,NA,NA,NA
"1380","EC:4.2.1.44",0,FALSE,FALSE,FALSE,FALSE
"1381","EC:4.2.1.45",0,FALSE,FALSE,FALSE,FALSE
"1382","EC:4.2.1.46",0,FALSE,FALSE,FALSE,FALSE
"1383","EC:4.2.1.47",0,FALSE,FALSE,FALSE,FALSE
"1384","EC:4.2.1.49",0,FALSE,FALSE,FALSE,FALSE
"1385","EC:4.2.1.51",0,FALSE,FALSE,FALSE,FALSE
"1386","EC:4.2.1.53",0,FALSE,FALSE,FALSE,FALSE
"1387","EC:4.2.1.55",0,FALSE,FALSE,FALSE,FALSE
"1388","EC:4.2.1.59",0,FALSE,FALSE,FALSE,FALSE
"1389","EC:4.2.1.6",0,FALSE,FALSE,FALSE,FALSE
"1390","EC:4.2.1.68",0,FALSE,FALSE,FALSE,FALSE
"1391","EC:4.2.1.7",0,FALSE,FALSE,FALSE,FALSE
"1392","EC:4.2.1.75",0,FALSE,FALSE,FALSE,FALSE
"1393","EC:4.2.1.79",0,FALSE,FALSE,FALSE,FALSE
"1394","EC:4.2.1.8",0,FALSE,FALSE,FALSE,FALSE
"1395","EC:4.2.1.80",0,FALSE,FALSE,FALSE,FALSE
"1396","EC:4.2.1.83",168,FALSE,FALSE,FALSE,FALSE
"1397","EC:4.2.1.84",0,FALSE,FALSE,FALSE,FALSE
"1398","EC:4.2.1.9",0,FALSE,FALSE,FALSE,FALSE
"1399","EC:4.2.1.90",NA,NA,NA,NA,NA
"1400","EC:4.2.1.91",0,FALSE,FALSE,FALSE,FALSE
"1401","EC:4.2.1.96",0,FALSE,FALSE,FALSE,FALSE
"1402","EC:4.2.1.99",0,FALSE,FALSE,FALSE,FALSE
"1403","EC:4.2.2.1",0,FALSE,FALSE,FALSE,FALSE
"1404","EC:4.2.2.2",1363,FALSE,TRUE,TRUE,TRUE
"1405","EC:4.2.2.20",NA,NA,NA,NA,NA
"1406","EC:4.2.2.21",NA,NA,NA,NA,NA
"1407","EC:4.2.2.23",1,FALSE,FALSE,FALSE,FALSE
"1408","EC:4.2.2.3",NA,NA,NA,NA,NA
"1409","EC:4.2.2.7",NA,NA,NA,NA,NA
"1410","EC:4.2.2.8",NA,NA,NA,NA,NA
"1411","EC:4.2.3.1",0,FALSE,FALSE,FALSE,FALSE
"1412","EC:4.2.3.12",NA,NA,NA,NA,NA
"1413","EC:4.2.3.3",0,FALSE,FALSE,FALSE,FALSE
"1414","EC:4.2.3.4",0,FALSE,FALSE,FALSE,FALSE
"1415","EC:4.2.3.5",0,FALSE,FALSE,FALSE,FALSE
"1416","EC:4.2.99.18",0,FALSE,FALSE,FALSE,FALSE
"1417","EC:4.2.99.20",0,FALSE,FALSE,FALSE,FALSE
"1418","EC:4.2.99.21",0,FALSE,FALSE,FALSE,FALSE
"1419","EC:4.3.1.1",0,FALSE,FALSE,FALSE,FALSE
"1420","EC:4.3.1.12",0,FALSE,FALSE,FALSE,FALSE
"1421","EC:4.3.1.14",0,FALSE,FALSE,FALSE,FALSE
"1422","EC:4.3.1.15",0,FALSE,FALSE,FALSE,FALSE
"1423","EC:4.3.1.17",0,FALSE,FALSE,FALSE,FALSE
"1424","EC:4.3.1.18",0,FALSE,FALSE,FALSE,FALSE
"1425","EC:4.3.1.19",0,FALSE,FALSE,FALSE,FALSE
"1426","EC:4.3.1.2",0,FALSE,FALSE,FALSE,FALSE
"1427","EC:4.3.1.3",0,FALSE,FALSE,FALSE,FALSE
"1428","EC:4.3.1.4",0,FALSE,FALSE,FALSE,FALSE
"1429","EC:4.3.1.7",0,FALSE,FALSE,FALSE,FALSE
"1430","EC:4.3.2.1",0,FALSE,FALSE,FALSE,FALSE
"1431","EC:4.3.2.2",0,FALSE,FALSE,FALSE,FALSE
"1432","EC:4.3.2.3",0,FALSE,FALSE,FALSE,FALSE
"1433","EC:4.3.3.6",0,FALSE,FALSE,FALSE,FALSE
"1434","EC:4.3.3.7",0,FALSE,FALSE,FALSE,FALSE
"1435","EC:4.3.99.3",0,FALSE,FALSE,FALSE,FALSE
"1436","EC:4.4.1.1",0,FALSE,FALSE,FALSE,FALSE
"1437","EC:4.4.1.11",0,FALSE,FALSE,FALSE,FALSE
"1438","EC:4.4.1.15",NA,NA,NA,NA,NA
"1439","EC:4.4.1.16",0,FALSE,FALSE,FALSE,FALSE
"1440","EC:4.4.1.2",196,FALSE,FALSE,FALSE,FALSE
"1441","EC:4.4.1.21",0,FALSE,FALSE,FALSE,FALSE
"1442","EC:4.4.1.22",NA,NA,NA,NA,NA
"1443","EC:4.4.1.25",NA,NA,NA,NA,NA
"1444","EC:4.4.1.5",0,FALSE,FALSE,FALSE,FALSE
"1445","EC:4.4.1.8",0,FALSE,FALSE,FALSE,FALSE
"1446","EC:4.6.1.1",0,FALSE,FALSE,FALSE,FALSE
"1447","EC:4.6.1.12",0,FALSE,FALSE,FALSE,FALSE
"1448","EC:4.7.1.1",0,FALSE,FALSE,FALSE,FALSE
"1449","EC:4.99.1.1",0,FALSE,FALSE,FALSE,FALSE
"1450","EC:4.99.1.3",0,FALSE,FALSE,FALSE,FALSE
"1451","EC:4.99.1.4",0,FALSE,FALSE,FALSE,FALSE
"1452","EC:5.1.1.1",0,FALSE,FALSE,FALSE,FALSE
"1453","EC:5.1.1.13",0,FALSE,FALSE,FALSE,FALSE
"1454","EC:5.1.1.3",0,FALSE,FALSE,FALSE,FALSE
"1455","EC:5.1.1.4",0,FALSE,FALSE,FALSE,FALSE
"1456","EC:5.1.1.7",0,FALSE,FALSE,FALSE,FALSE
"1457","EC:5.1.1.8",0,FALSE,FALSE,FALSE,FALSE
"1458","EC:5.1.2.3",0,FALSE,FALSE,FALSE,FALSE
"1459","EC:5.1.3.1",0,FALSE,FALSE,FALSE,FALSE
"1460","EC:5.1.3.10",NA,NA,NA,NA,NA
"1461","EC:5.1.3.13",0,FALSE,FALSE,FALSE,FALSE
"1462","EC:5.1.3.14",0,FALSE,FALSE,FALSE,FALSE
"1463","EC:5.1.3.15",0,FALSE,FALSE,FALSE,FALSE
"1464","EC:5.1.3.2",0,FALSE,FALSE,FALSE,FALSE
"1465","EC:5.1.3.20",0,FALSE,FALSE,FALSE,FALSE
"1466","EC:5.1.3.22",858,FALSE,FALSE,FALSE,FALSE
"1467","EC:5.1.3.23",0,FALSE,FALSE,FALSE,FALSE
"1468","EC:5.1.3.24",0,FALSE,FALSE,FALSE,FALSE
"1469","EC:5.1.3.25",1407,FALSE,TRUE,TRUE,TRUE
"1470","EC:5.1.3.29",0,FALSE,FALSE,FALSE,FALSE
"1471","EC:5.1.3.3",0,FALSE,FALSE,FALSE,FALSE
"1472","EC:5.1.3.30",NA,NA,NA,NA,NA
"1473","EC:5.1.3.31",NA,NA,NA,NA,NA
"1474","EC:5.1.3.32",0,FALSE,FALSE,FALSE,FALSE
"1475","EC:5.1.3.4",0,FALSE,FALSE,FALSE,FALSE
"1476","EC:5.1.3.6",0,FALSE,FALSE,FALSE,FALSE
"1477","EC:5.1.3.7",0,FALSE,FALSE,FALSE,FALSE
"1478","EC:5.1.3.8",0,FALSE,FALSE,FALSE,FALSE
"1479","EC:5.1.3.9",0,FALSE,FALSE,FALSE,FALSE
"1480","EC:5.1.99.1",0,FALSE,FALSE,FALSE,FALSE
"1481","EC:5.1.99.3",0,FALSE,FALSE,FALSE,FALSE
"1482","EC:5.1.99.4",0,FALSE,FALSE,FALSE,FALSE
"1483","EC:5.1.99.6",0,FALSE,FALSE,FALSE,FALSE
"1484","EC:5.2.1.1",0,FALSE,FALSE,FALSE,FALSE
"1485","EC:5.2.1.2",0,FALSE,FALSE,FALSE,FALSE
"1486","EC:5.2.1.4",1175,FALSE,FALSE,TRUE,TRUE
"1487","EC:5.2.1.8",0,FALSE,FALSE,FALSE,FALSE
"1488","EC:5.3.1.1",0,FALSE,FALSE,FALSE,FALSE
"1489","EC:5.3.1.12",0,FALSE,FALSE,FALSE,FALSE
"1490","EC:5.3.1.13",0,FALSE,FALSE,FALSE,FALSE
"1491","EC:5.3.1.14",0,FALSE,FALSE,FALSE,FALSE
"1492","EC:5.3.1.16",0,FALSE,FALSE,FALSE,FALSE
"1493","EC:5.3.1.17",0,FALSE,FALSE,FALSE,FALSE
"1494","EC:5.3.1.22",0,FALSE,FALSE,FALSE,FALSE
"1495","EC:5.3.1.23",0,FALSE,FALSE,FALSE,FALSE
"1496","EC:5.3.1.24",0,FALSE,FALSE,FALSE,FALSE
"1497","EC:5.3.1.25",0,FALSE,FALSE,FALSE,FALSE
"1498","EC:5.3.1.26",0,FALSE,FALSE,FALSE,FALSE
"1499","EC:5.3.1.27",204,FALSE,FALSE,FALSE,FALSE
"1500","EC:5.3.1.28",0,FALSE,FALSE,FALSE,FALSE
"1501","EC:5.3.1.30",0,FALSE,FALSE,FALSE,FALSE
"1502","EC:5.3.1.31",0,FALSE,FALSE,FALSE,FALSE
"1503","EC:5.3.1.4",0,FALSE,FALSE,FALSE,FALSE
"1504","EC:5.3.1.5",0,FALSE,FALSE,FALSE,FALSE
"1505","EC:5.3.1.6",0,FALSE,FALSE,FALSE,FALSE
"1506","EC:5.3.1.8",0,FALSE,FALSE,FALSE,FALSE
"1507","EC:5.3.1.9",0,FALSE,FALSE,FALSE,FALSE
"1508","EC:5.3.2.6",0,FALSE,FALSE,FALSE,FALSE
"1509","EC:5.3.2.8",NA,NA,NA,NA,NA
"1510","EC:5.3.3.1",NA,NA,NA,NA,NA
"1511","EC:5.3.3.10",0,FALSE,FALSE,FALSE,FALSE
"1512","EC:5.3.3.14",0,FALSE,FALSE,FALSE,FALSE
"1513","EC:5.3.3.17",0,FALSE,FALSE,FALSE,FALSE
"1514","EC:5.3.3.18",0,FALSE,FALSE,FALSE,FALSE
"1515","EC:5.3.3.2",0,FALSE,FALSE,FALSE,FALSE
"1516","EC:5.3.3.3",NA,NA,NA,NA,NA
"1517","EC:5.3.3.4",0,FALSE,FALSE,FALSE,FALSE
"1518","EC:5.3.4.1",0,FALSE,FALSE,FALSE,FALSE
"1519","EC:5.4.2.10",0,FALSE,FALSE,FALSE,FALSE
"1520","EC:5.4.2.11",0,FALSE,FALSE,FALSE,FALSE
"1521","EC:5.4.2.12",0,FALSE,FALSE,FALSE,FALSE
"1522","EC:5.4.2.2",0,FALSE,FALSE,FALSE,FALSE
"1523","EC:5.4.2.6",0,FALSE,FALSE,FALSE,FALSE
"1524","EC:5.4.2.7",0,FALSE,FALSE,FALSE,FALSE
"1525","EC:5.4.2.8",0,FALSE,FALSE,FALSE,FALSE
"1526","EC:5.4.2.9",0,FALSE,FALSE,FALSE,FALSE
"1527","EC:5.4.3.2",0,FALSE,FALSE,FALSE,FALSE
"1528","EC:5.4.3.3",0,FALSE,FALSE,FALSE,FALSE
"1529","EC:5.4.3.5",0,FALSE,FALSE,FALSE,FALSE
"1530","EC:5.4.3.8",0,FALSE,FALSE,FALSE,FALSE
"1531","EC:5.4.4.2",0,FALSE,FALSE,FALSE,FALSE
"1532","EC:5.4.99.1",0,FALSE,FALSE,FALSE,FALSE
"1533","EC:5.4.99.12",0,FALSE,FALSE,FALSE,FALSE
"1534","EC:5.4.99.15",0,FALSE,FALSE,FALSE,FALSE
"1535","EC:5.4.99.16",0,FALSE,FALSE,FALSE,FALSE
"1536","EC:5.4.99.17",NA,NA,NA,NA,NA
"1537","EC:5.4.99.18",0,FALSE,FALSE,FALSE,FALSE
"1538","EC:5.4.99.19",0,FALSE,FALSE,FALSE,FALSE
"1539","EC:5.4.99.2",0,FALSE,FALSE,FALSE,FALSE
"1540","EC:5.4.99.20",0,FALSE,FALSE,FALSE,FALSE
"1541","EC:5.4.99.21",0,FALSE,FALSE,FALSE,FALSE
"1542","EC:5.4.99.22",0,FALSE,FALSE,FALSE,FALSE
"1543","EC:5.4.99.23",0,FALSE,FALSE,FALSE,FALSE
"1544","EC:5.4.99.24",0,FALSE,FALSE,FALSE,FALSE
"1545","EC:5.4.99.25",0,FALSE,FALSE,FALSE,FALSE
"1546","EC:5.4.99.26",0,FALSE,FALSE,FALSE,FALSE
"1547","EC:5.4.99.27",0,FALSE,FALSE,FALSE,FALSE
"1548","EC:5.4.99.28",NA,NA,NA,NA,NA
"1549","EC:5.4.99.29",NA,NA,NA,NA,NA
"1550","EC:5.4.99.5",0,FALSE,FALSE,FALSE,FALSE
"1551","EC:5.4.99.60",NA,NA,NA,NA,NA
"1552","EC:5.4.99.61",NA,NA,NA,NA,NA
"1553","EC:5.4.99.62",0,FALSE,FALSE,FALSE,FALSE
"1554","EC:5.4.99.9",0,FALSE,FALSE,FALSE,FALSE
"1555","EC:5.5.1.1",0,FALSE,FALSE,FALSE,FALSE
"1556","EC:5.5.1.19",0,FALSE,FALSE,FALSE,FALSE
"1557","EC:5.5.1.2",0,FALSE,FALSE,FALSE,FALSE
"1558","EC:5.5.1.4",0,FALSE,FALSE,FALSE,FALSE
"1559","EC:5.99.1.2",0,FALSE,FALSE,FALSE,FALSE
"1560","EC:5.99.1.3",0,FALSE,FALSE,FALSE,FALSE
"1561","EC:6.1.1.1",0,FALSE,FALSE,FALSE,FALSE
"1562","EC:6.1.1.10",0,FALSE,FALSE,FALSE,FALSE
"1563","EC:6.1.1.11",0,FALSE,FALSE,FALSE,FALSE
"1564","EC:6.1.1.12",0,FALSE,FALSE,FALSE,FALSE
"1565","EC:6.1.1.13",0,FALSE,FALSE,FALSE,FALSE
"1566","EC:6.1.1.14",0,FALSE,FALSE,FALSE,FALSE
"1567","EC:6.1.1.15",0,FALSE,FALSE,FALSE,FALSE
"1568","EC:6.1.1.16",0,FALSE,FALSE,FALSE,FALSE
"1569","EC:6.1.1.17",0,FALSE,FALSE,FALSE,FALSE
"1570","EC:6.1.1.18",0,FALSE,FALSE,FALSE,FALSE
"1571","EC:6.1.1.19",0,FALSE,FALSE,FALSE,FALSE
"1572","EC:6.1.1.2",0,FALSE,FALSE,FALSE,FALSE
"1573","EC:6.1.1.20",0,FALSE,FALSE,FALSE,FALSE
"1574","EC:6.1.1.21",0,FALSE,FALSE,FALSE,FALSE
"1575","EC:6.1.1.22",0,FALSE,FALSE,FALSE,FALSE
"1576","EC:6.1.1.24",0,FALSE,FALSE,FALSE,FALSE
"1577","EC:6.1.1.3",0,FALSE,FALSE,FALSE,FALSE
"1578","EC:6.1.1.4",0,FALSE,FALSE,FALSE,FALSE
"1579","EC:6.1.1.5",0,FALSE,FALSE,FALSE,FALSE
"1580","EC:6.1.1.6",0,FALSE,FALSE,FALSE,FALSE
"1581","EC:6.1.1.7",0,FALSE,FALSE,FALSE,FALSE
"1582","EC:6.1.1.9",0,FALSE,FALSE,FALSE,FALSE
"1583","EC:6.2.1.1",0,FALSE,FALSE,FALSE,FALSE
"1584","EC:6.2.1.13",0,FALSE,FALSE,FALSE,FALSE
"1585","EC:6.2.1.14",0,FALSE,FALSE,FALSE,FALSE
"1586","EC:6.2.1.16",0,FALSE,FALSE,FALSE,FALSE
"1587","EC:6.2.1.17",729,FALSE,FALSE,FALSE,FALSE
"1588","EC:6.2.1.20",0,FALSE,FALSE,FALSE,FALSE
"1589","EC:6.2.1.22",0,FALSE,FALSE,FALSE,FALSE
"1590","EC:6.2.1.25",NA,NA,NA,NA,NA
"1591","EC:6.2.1.26",0,FALSE,FALSE,FALSE,FALSE
"1592","EC:6.2.1.3",0,FALSE,FALSE,FALSE,FALSE
"1593","EC:6.2.1.30",0,FALSE,FALSE,FALSE,FALSE
"1594","EC:6.2.1.32",0,FALSE,FALSE,FALSE,FALSE
"1595","EC:6.2.1.34",0,FALSE,FALSE,FALSE,FALSE
"1596","EC:6.2.1.5",0,FALSE,FALSE,FALSE,FALSE
"1597","EC:6.2.1.9",NA,NA,NA,NA,NA
"1598","EC:6.3.1.1",0,FALSE,FALSE,FALSE,FALSE
"1599","EC:6.3.1.10",0,FALSE,FALSE,FALSE,FALSE
"1600","EC:6.3.1.12",0,FALSE,FALSE,FALSE,FALSE
"1601","EC:6.3.1.13",NA,NA,NA,NA,NA
"1602","EC:6.3.1.2",0,FALSE,FALSE,FALSE,FALSE
"1603","EC:6.3.1.5",0,FALSE,FALSE,FALSE,FALSE
"1604","EC:6.3.1.8",NA,NA,NA,NA,NA
"1605","EC:6.3.2.1",0,FALSE,FALSE,FALSE,FALSE
"1606","EC:6.3.2.10",0,FALSE,FALSE,FALSE,FALSE
"1607","EC:6.3.2.12",NA,NA,NA,NA,NA
"1608","EC:6.3.2.13",0,FALSE,FALSE,FALSE,FALSE
"1609","EC:6.3.2.17",NA,NA,NA,NA,NA
"1610","EC:6.3.2.2",0,FALSE,FALSE,FALSE,FALSE
"1611","EC:6.3.2.29",NA,NA,NA,NA,NA
"1612","EC:6.3.2.3",0,FALSE,FALSE,FALSE,FALSE
"1613","EC:6.3.2.30",NA,NA,NA,NA,NA
"1614","EC:6.3.2.31",NA,NA,NA,NA,NA
"1615","EC:6.3.2.34",NA,NA,NA,NA,NA
"1616","EC:6.3.2.4",0,FALSE,FALSE,FALSE,FALSE
"1617","EC:6.3.2.43",0,FALSE,FALSE,FALSE,FALSE
"1618","EC:6.3.2.5",0,FALSE,FALSE,FALSE,FALSE
"1619","EC:6.3.2.6",0,FALSE,FALSE,FALSE,FALSE
"1620","EC:6.3.2.7",0,FALSE,FALSE,FALSE,FALSE
"1621","EC:6.3.2.8",0,FALSE,FALSE,FALSE,FALSE
"1622","EC:6.3.2.9",0,FALSE,FALSE,FALSE,FALSE
"1623","EC:6.3.3.1",0,FALSE,FALSE,FALSE,FALSE
"1624","EC:6.3.3.2",0,FALSE,FALSE,FALSE,FALSE
"1625","EC:6.3.3.3",0,FALSE,FALSE,FALSE,FALSE
"1626","EC:6.3.4.13",0,FALSE,FALSE,FALSE,FALSE
"1627","EC:6.3.4.14",0,FALSE,FALSE,FALSE,FALSE
"1628","EC:6.3.4.15",0,FALSE,FALSE,FALSE,FALSE
"1629","EC:6.3.4.18",0,FALSE,FALSE,FALSE,FALSE
"1630","EC:6.3.4.19",0,FALSE,FALSE,FALSE,FALSE
"1631","EC:6.3.4.2",0,FALSE,FALSE,FALSE,FALSE
"1632","EC:6.3.4.20",0,FALSE,FALSE,FALSE,FALSE
"1633","EC:6.3.4.21",0,FALSE,FALSE,FALSE,FALSE
"1634","EC:6.3.4.3",0,FALSE,FALSE,FALSE,FALSE
"1635","EC:6.3.4.4",0,FALSE,FALSE,FALSE,FALSE
"1636","EC:6.3.4.5",0,FALSE,FALSE,FALSE,FALSE
"1637","EC:6.3.4.6",0,FALSE,FALSE,FALSE,FALSE
"1638","EC:6.3.5.1",0,FALSE,FALSE,FALSE,FALSE
"1639","EC:6.3.5.10",0,FALSE,FALSE,FALSE,FALSE
"1640","EC:6.3.5.11",NA,NA,NA,NA,NA
"1641","EC:6.3.5.2",0,FALSE,FALSE,FALSE,FALSE
"1642","EC:6.3.5.3",0,FALSE,FALSE,FALSE,FALSE
"1643","EC:6.3.5.4",0,FALSE,FALSE,FALSE,FALSE
"1644","EC:6.3.5.5",0,FALSE,FALSE,FALSE,FALSE
"1645","EC:6.3.5.6",NA,NA,NA,NA,NA
"1646","EC:6.3.5.7",NA,NA,NA,NA,NA
"1647","EC:6.3.5.9",NA,NA,NA,NA,NA
"1648","EC:6.4.1.1",0,FALSE,FALSE,FALSE,FALSE
"1649","EC:6.4.1.2",0,FALSE,FALSE,FALSE,FALSE
"1650","EC:6.4.1.3",0,FALSE,FALSE,FALSE,FALSE
"1651","EC:6.4.1.4",0,FALSE,FALSE,FALSE,FALSE
"1652","EC:6.4.1.5",0,FALSE,FALSE,FALSE,FALSE
"1653","EC:6.5.1.1",0,FALSE,FALSE,FALSE,FALSE
"1654","EC:6.5.1.2",0,FALSE,FALSE,FALSE,FALSE
"1655","EC:6.5.1.3",0,FALSE,FALSE,FALSE,FALSE
"1656","EC:6.5.1.4",1,FALSE,FALSE,FALSE,FALSE
"1657","EC:6.5.1.6",NA,NA,NA,NA,NA
"1658","EC:6.5.1.7",NA,NA,NA,NA,NA
"1659","EC:6.6.1.1",0,FALSE,FALSE,FALSE,FALSE
"1660","EC:6.6.1.2",0,FALSE,FALSE,FALSE,FALSE
